---
type: poe2-signal-brief
league: "HC Runes of Aldur"
league_day: 24
generated: 2026-06-22T21:06:48Z
snapshots: 31
currency_signals: 1
unique_signals: 11
tags: [poe2, market-signal]
---

# PoE2 Signal Brief — HC Runes of Aldur

> Day 24 · generated 2026-06-22T21:06:48Z · 31 snapshot(s) · 47 currencies / 611 uniques tracked · values in Divine · 1 div = 91 ex (live)

Decision-support only. Momentum is run-#1 sparkline z-score; movers are absolute %-change from our own snapshot history.

## Currency momentum (|z| ≥ 2.0, vol ≥ 1.0)

| Currency | z | 7d % | value (div) | volume |
|---|--:|--:|--:|--:|
| Fracturing Orb | +2.05 | 🟢 40.25 | 9.35 | 241.5 |

## Unique momentum (|z| ≥ 2.0, listings ≥ 5)

| Item | Type | z | 7d % | value (div) | listings |
|---|---|--:|--:|--:|--:|
| The Hammer of Faith | Weapons | +2.27 | 🟢 283.5 | 1.99 | 26 |
| Yriel's Fostering | Armours | +2.45 | 🟢 212.8 | 0.1204 | 105 |
| Jarngreipr | Armours | +2.27 | 🟢 212.8 | 0.1204 | 87 |
| Perandus Seal | Accessories | +2.15 | 🟢 134.6 | 0.1204 | 74 |
| Cornathaum | Armours | +2.21 | 🟢 82.96 | 0.1174 | 38 |
| Vestige of Darkness | Armours | +2.08 | 🟢 74.32 | 0.3612 | 143 |
| Bones of Ullr | Armours | +2.17 | 🟢 54.95 | 0.4816 | 337 |
| Heroic Tragedy | Jewels | +2.45 | 🟢 50 | 3 | 106 |
| The Ordained | Weapons | +2.00 | 🟢 37.36 | 50 | 14 |
| Flesh Crucible | Jewels | -2.45 | 🔴 -3.31 | 0.9669 | 118 |
| Nebuloch | Weapons | -2.14 | 🔴 -56.96 | 0.1204 | 158 |

## Currency movers (24h)

| Item | % | from | to |
|---|--:|--:|--:|
| Vaal Blacksmith's Infuser | 🟢 +94.97 | 0.05288 | 0.1031 |
| Perfect Chaos Orb | 🟢 +49.38 | 3.2 | 4.78 |
| Hinekora's Lock | 🟢 +22.41 | 320 | 391.7 |
| Fracturing Orb | 🟢 +19.57 | 7.82 | 9.35 |
| Ancient Infuser | 🟢 +16.79 | 0.1054 | 0.1231 |
| Vaal Cultivation Orb | 🟢 +13.12 | 1.6 | 1.81 |
| Chaos Orb | 🟢 +10.33 | 0.1123 | 0.1239 |
| Orb of Extraction | 🔴 -11.60 | 0.2319 | 0.205 |
| Core Destabiliser | 🔴 -11.90 | 0.4427 | 0.39 |
| Perfect Orb of Transmutation | 🔴 -12.42 | 0.1071 | 0.0938 |
| Perfect Jeweller's Orb | 🔴 -17.99 | 1.89 | 1.55 |
| Vaal Catalysing Infuser | 🔴 -22.84 | 0.6971 | 0.5379 |
| Architect's Orb | 🔴 -28.14 | 1.99 | 1.43 |
| Perfect Orb of Augmentation | 🔴 -46.37 | 0.1616 | 0.08666 |

## Unique movers (24h)

| Item | % | from | to |
|---|--:|--:|--:|
| Igniferis | 🟢 +1622.39 | 0.0067 | 0.1154 |
| Icetomb | 🟢 +876.31 | 0.01182 | 0.1154 |
| Yriel's Fostering | 🟢 +239.54 | 0.03546 | 0.1204 |
| Vestige of Darkness | 🟢 +236.31 | 0.1074 | 0.3612 |
| Cloak of Flame | 🟢 +146.79 | 0.1182 | 0.2917 |
| The Knight-errant | 🟢 +140.56 | 0.05005 | 0.1204 |
| The Hammer of Faith | 🟢 +131.61 | 0.8592 | 1.99 |
| Horror's Flight | 🟢 +124.21 | 0.2148 | 0.4816 |
| Chernobog's Pillar | 🟢 +116.67 | 0.2148 | 0.4654 |
| Ingenuity | 🟢 +110.24 | 0.1718 | 0.3612 |
| Jarngreipr | 🟢 +103.72 | 0.0591 | 0.1204 |
| Ghostmarch | 🟢 +96.87 | 0.1182 | 0.2327 |
| Crown of Thorns | 🟢 +96.18 | 0.2148 | 0.4214 |
| Brain Rattler | 🟢 +94.40 | 0.02837 | 0.05515 |
| Titanrot Cataphract | 🟢 +90.60 | 0.2148 | 0.4094 |
| Thrillsteel | 🟢 +86.84 | 0.3222 | 0.602 |
| The Whispering Ice | 🟢 +86.84 | 0.3222 | 0.602 |
| Asphyxia's Wrath | 🟢 +83.48 | 0.537 | 0.9853 |
| Rathpith Globe | 🟢 +78.71 | 2.02 | 3.61 |
| Loreweave | 🟢 +73.20 | 5 | 8.66 |
| Opportunity | 🟢 +72.49 | 0.2792 | 0.4816 |

## 7-bucket range position (spread ≥ 5.0%)

Where today's price sits inside its own decoded ~7-day window. `pos` = 0% at the window low, 100% at the high. Near low = cheap vs recent range; near high = running hot.

### Currency — near 7d low (buy candidates)

| Item | pos | now (div) | low | high | trace |
|---|--:|--:|--:|--:|---|
| Perfect Orb of Augmentation | 0% | 0.08666 | 0.08666 | 0.161207 | `▃▂▁█▇▆▁` |
| Perfect Orb of Transmutation | 0% | 0.0938 | 0.0938 | 0.137192 | `▆█▂▄▄▂▁` |
| Vaal Catalysing Infuser | 0% | 0.5379 | 0.5379 | 0.935638 | `█▇▅█▃▂▁` |
| Cryptic Key | 13% | 0.2725 | 0.248096 | 0.43518 | `█▇▄▃▆▁▂` |
| Greater Exalted Orb | 15% | 0.08834 | 0.0780774 | 0.148108 | `█▇▄▁▂▂▂` |
| Perfect Regal Orb | 17% | 0.2821 | 0.254121 | 0.418572 | `█▁▁▃▄▁▂` |
| Perfect Exalted Orb | 17% | 3.73 | 3.58467 | 4.43558 | `▄▃█▃▁▃▂` |
| Orb of Chance | 19% | 0.1083 | 0.102668 | 0.131751 | `▅▁█▄▂▄▂` |
| Vaal Blacksmith's Infuser | 39% | 0.1031 | 0.0529631 | 0.181045 | `█▄▄▄▃▁▄` |
| Chaos Orb | 52% | 0.1239 | 0.108046 | 0.138666 | `▁▅█▆▂▂▅` |
| Mirror of Kalandra | 62% | 1100 | 859.98 | 1249.98 | `▁▄█   ▅` |
| Orb of Annulment | 76% | 0.622 | 0.480258 | 0.666484 | `▁█▇▃▅▆▆` |
| Architect's Orb | 83% | 1.43 | 0.689688 | 1.58172 | `▂▁▂▄▆█▇` |
| Greater Chaos Orb | 95% | 0.2867 | 0.209559 | 0.290568 | `▁▄█▆▇▇█` |
| Core Destabiliser | 100% | 0.39 | 0.083147 | 0.39 | `▁▂▃▄▆▇█` |
| Crystallised Corruption | 100% | 1.34 | 0.56768 | 1.34 | `▁▁▁▂▅▆█` |
| Divine Orb | 100% | 1 | 0.822147 | 1 | `▂▁▂▄▅▆█` |
| Fracturing Orb | 100% | 9.35 | 5.636 | 9.35 | `▃▃▁▁▂▅█` |
| Hinekora's Lock | 100% | 391.7 | 185.809 | 391.7 | `▂▁▂▂▄██` |
| Perfect Chaos Orb | 100% | 4.78 | 3.25948 | 4.78 | `▁▃▆▃▅▂█` |
| Perfect Jeweller's Orb | 100% | 1.55 | 1.25145 | 1.55 | `▁▃▂▄▅██` |
| Vaal Armourer's Infuser | 100% | 0.589 | 0.23599 | 0.589 | `▁▂▃▅▃▇█` |
| Vaal Cultivation Orb | 100% | 1.81 | 0.771439 | 1.81 | `▂▁▂▄▄▇█` |

### Currency — near 7d high (running hot)

| Item | pos | now (div) | low | high | trace |
|---|--:|--:|--:|--:|---|
| Core Destabiliser | 100% | 0.39 | 0.083147 | 0.39 | `▁▂▃▄▆▇█` |
| Crystallised Corruption | 100% | 1.34 | 0.56768 | 1.34 | `▁▁▁▂▅▆█` |
| Divine Orb | 100% | 1 | 0.822147 | 1 | `▂▁▂▄▅▆█` |
| Fracturing Orb | 100% | 9.35 | 5.636 | 9.35 | `▃▃▁▁▂▅█` |
| Hinekora's Lock | 100% | 391.7 | 185.809 | 391.7 | `▂▁▂▂▄██` |
| Perfect Chaos Orb | 100% | 4.78 | 3.25948 | 4.78 | `▁▃▆▃▅▂█` |
| Perfect Jeweller's Orb | 100% | 1.55 | 1.25145 | 1.55 | `▁▃▂▄▅██` |
| Vaal Armourer's Infuser | 100% | 0.589 | 0.23599 | 0.589 | `▁▂▃▅▃▇█` |
| Vaal Cultivation Orb | 100% | 1.81 | 0.771439 | 1.81 | `▂▁▂▄▄▇█` |
| Greater Chaos Orb | 95% | 0.2867 | 0.209559 | 0.290568 | `▁▄█▆▇▇█` |
| Architect's Orb | 83% | 1.43 | 0.689688 | 1.58172 | `▂▁▂▄▆█▇` |
| Orb of Annulment | 76% | 0.622 | 0.480258 | 0.666484 | `▁█▇▃▅▆▆` |
| Mirror of Kalandra | 62% | 1100 | 859.98 | 1249.98 | `▁▄█   ▅` |
| Chaos Orb | 52% | 0.1239 | 0.108046 | 0.138666 | `▁▅█▆▂▂▅` |
| Vaal Blacksmith's Infuser | 39% | 0.1031 | 0.0529631 | 0.181045 | `█▄▄▄▃▁▄` |
| Orb of Chance | 19% | 0.1083 | 0.102668 | 0.131751 | `▅▁█▄▂▄▂` |
| Perfect Exalted Orb | 17% | 3.73 | 3.58467 | 4.43558 | `▄▃█▃▁▃▂` |
| Perfect Regal Orb | 17% | 0.2821 | 0.254121 | 0.418572 | `█▁▁▃▄▁▂` |
| Greater Exalted Orb | 15% | 0.08834 | 0.0780774 | 0.148108 | `█▇▄▁▂▂▂` |
| Cryptic Key | 13% | 0.2725 | 0.248096 | 0.43518 | `█▇▄▃▆▁▂` |
| Perfect Orb of Augmentation | 0% | 0.08666 | 0.08666 | 0.161207 | `▃▂▁█▇▆▁` |
| Perfect Orb of Transmutation | 0% | 0.0938 | 0.0938 | 0.137192 | `▆█▂▄▄▂▁` |
| Vaal Catalysing Infuser | 0% | 0.5379 | 0.5379 | 0.935638 | `█▇▅█▃▂▁` |

### Unique — near 7d low (buy candidates)

| Item | pos | now (div) | low | high | trace |
|---|--:|--:|--:|--:|---|
| Berek's Grip | 0% | 2.25 | 2.25 | 2.99804 | `▆██▆▂▃▁` |
| Berek's Respite | 0% | 2 | 2 | 2.385 | `▁▁██▃▁▁` |
| Bursting Decay | 0% | 9 | 9 | 15.4004 | `█▃▃▄▁▁▁` |
| Headhunter | 0% | 148.6 | 148.6 | 180.016 | `▅▄▅▅▇█▁` |
| Snakepit | 0% | 0.3612 | 0.3612 | 0.525224 | `▃▆▃█▄▅▁` |
| Vigilant View | 0% | 0.05515 | 0.05515 | 0.0658503 | `▇██▅▃▃▁` |
| Zerphi's Genesis | 0% | 0.05515 | 0.05515 | 0.0658503 | `▇██▅▃▃▁` |
| Bloodbarrier | 0% | 0.1103 | 0.1103 | 0.262614 | `▅▁▂█▁▁▁` |
| Cadiro's Gambit | 0% | 1.69 | 1.69 | 3.71978 | `▆▇█▄▃▃▁` |
| Effigy of Cruelty | 0% | 0.05515 | 0.05515 | 0.1183 | `▂██▂▁▁▁` |
| Enfolding Dawn | 0% | 0.3471 | 0.3471 | 0.81364 | `▃▅█▄▃▇▁` |
| Mind of the Council | 0% | 0.1654 | 0.1654 | 0.247504 | `▄▇██▇▂▁` |
| Northpaw | 0% | 0.05515 | 0.05515 | 0.130309 | `▂▇█▅▁▅▁` |
| Rearguard | 0% | 0.08348 | 0.08348 | 0.132503 | `▄▅██▆▅▁` |
| Redblade Banner | 0% | 0.06066 | 0.06066 | 0.130302 | `▅▇█▁▂▃▁` |
| Silks of Veneration | 0% | 1.08 | 1.08 | 3.12139 | `█▅█▄▄▂▁` |
| Snakebite | 0% | 0.05515 | 0.05515 | 0.0680324 | `▂▆▅▄▃█▁` |
| Starkonja's Head | 0% | 0.2408 | 0.2408 | 0.591495 | `▄█▇▄▃▃▁` |
| The Vertex | 0% | 1 | 1 | 1.18652 | `▇▃█▁▁▁▁` |
| Controlled Metamorphosis | 0% | 2.4 | 2.4 | 8.19952 | `█▄▃▂▂▂▁` |
| Undying Hate | 0% | 1 | 1 | 5 | `█▆▅▃▃▃▁` |
| Brutus' Lead Sprinkler | 0% | 1 | 1 | 2.9412 | `▅▇█▅▄▂▁` |
| Doomfletch | 0% | 0.2408 | 0.2408 | 0.828916 | `█▄▇▆▅▅▁` |
| Duality | 0% | 0.4816 | 0.4816 | 1 | `███▅▄▄▁` |
| Marohi Erqi | 0% | 0.3371 | 0.3371 | 0.467556 | `▇█▅▅▁▇▁` |

### Unique — near 7d high (running hot)

| Item | pos | now (div) | low | high | trace |
|---|--:|--:|--:|--:|---|
| Andvarius | 100% | 0.3612 | 0.103614 | 0.3612 | `▁▅▅▃▄▄█` |
| Astramentis | 100% | 2.1 | 1.26193 | 2.1 | `▃▇▃▁▁▅█` |
| Fixation of Yix | 100% | 0.1204 | 0.0641483 | 0.1204 | `▁▁▁▄▇▇█` |
| Igniferis | 100% | 0.1154 | 0.00754208 | 0.1154 | `▇▁▁▅███` |
| Original Sin | 100% | 0.5538 | 0.331234 | 0.5538 | `▇▁▃▃▅▃█` |
| Perandus Seal | 100% | 0.1204 | 0.0513214 | 0.1204 | `▁▁▂▂▄▄█` |
| Ungil's Harmony | 100% | 0.1204 | 0.0385587 | 0.1204 | `▇▂▁▂█▇█` |
| Yoke of Suffering | 100% | 0.8428 | 0.39752 | 0.8428 | `▃▄▁▃▆▅█` |
| Aerisvane's Wings | 100% | 0.1204 | 0.0513214 | 0.1204 | `▁▂▅▅▅▇█` |
| Alkem Eira | 100% | 0.1204 | 0.0117103 | 0.1204 | `▁▁▁▁▁▇█` |
| Apron of Emiran | 100% | 0.1204 | 0.0117103 | 0.1204 | `▁▁▁▁▁▇█` |
| Asphyxia's Wrath | 100% | 0.9853 | 0.518006 | 0.9853 | `▁▆▇▄▂▂█` |
| Assailum | 100% | 0.08714 | 0.0638603 | 0.08714 | `▁▂▁▁▆▇█` |
| Atsak's Sight | 100% | 0.1204 | 0.0128303 | 0.1204 | `▁▂▂▂▂▇█` |
| Atziri's Step | 100% | 0.3612 | 0.0921029 | 0.3612 | `▁▂▁▂▂▇█` |
| Blueflame Bracers | 100% | 0.1204 | 0.0117103 | 0.1204 | `▁▁▁▁▁▇█` |
| Bones of Ullr | 100% | 0.4816 | 0.31081 | 0.4816 | `▁▃▅▂▃▂█` |
| Briarpatch | 100% | 0.1204 | 0.049118 | 0.1204 | `▆▇▁▁█▆█` |
| Chernobog's Pillar | 100% | 0.4654 | 0.231581 | 0.4654 | `▃▅▆▂▁▄█` |
| Cornathaum | 100% | 0.1174 | 0.0585652 | 0.1174 | `▂▂▂▁▁▄█` |
| Couture of Crimson | 100% | 0.1204 | 0.0351276 | 0.1204 | `▃▁▁▇▁▇█` |
| Crown of the Pale King | 100% | 0.07611 | 0.0651546 | 0.07611 | `▆▁▁▅▄▄█` |
| Decree of Acuity | 100% | 0.2408 | 0.076394 | 0.2408 | `▄▁▄▃█▃█` |
| Dionadair | 100% | 0.1154 | 0.0122803 | 0.1154 | `▁▁▁▁▇██` |
| Eyes of the Runefather | 100% | 0.08383 | 0.0368382 | 0.08383 | `▁▁▁▁▄▇█` |
