---
type: poe2-signal-brief
league: "HC Runes of Aldur"
league_day: 26
generated: 2026-06-24T20:03:15Z
snapshots: 46
currency_signals: 4
unique_signals: 19
tags: [poe2, market-signal]
---

# PoE2 Signal Brief вҖ” HC Runes of Aldur

> Day 26 В· generated 2026-06-24T20:03:15Z В· 46 snapshot(s) В· 47 currencies / 621 uniques tracked В· values in Divine В· 1 div = 119 ex (live)

Decision-support only. Momentum is run-#1 sparkline z-score; movers are absolute %-change from our own snapshot history.

## Currency momentum (|z| вүҘ 2.0, vol вүҘ 1.0)

| Currency | z | 7d % | value (div) | volume |
|---|--:|--:|--:|--:|
| Greater Chaos Orb | +2.23 | рҹҹў 77.72 | 0.3279 | 64 |
| Divine Orb | +2.12 | рҹҹў 61.03 | 1 | 743.5 |
| Vaal Catalysing Infuser | +2.18 | рҹҹў 48.42 | 0.9791 | 2.77 |
| Greater Exalted Orb | +2.03 | рҹ”ҙ -4.37 | 0.09523 | 18.19 |

## Unique momentum (|z| вүҘ 2.0, listings вүҘ 5)

| Item | Type | z | 7d % | value (div) | listings |
|---|---|--:|--:|--:|--:|
| Radiant Grief | Armours | +2.39 | рҹҹў 875.4 | 0.1271 | 96 |
| Guiding Palm of the Mind | Weapons | +2.41 | рҹҹў 400 | 15 | 11 |
| Quill Rain | Weapons | +2.36 | рҹҹў 241.5 | 0.2203 | 9 |
| Fury of the King | Weapons | +2.10 | рҹҹў 234.5 | 0.905 | 84 |
| Guiding Palm of the Heart | Weapons | +2.17 | рҹҹў 152.2 | 5.73 | 12 |
| Drillneck | Armours | +2.05 | рҹҹў 132.2 | 0.1271 | 76 |
| Thief's Torment | Accessories | +2.04 | рҹҹў 131 | 0.1505 | 56 |
| Guiding Palm of the Eye | Weapons | +2.25 | рҹҹў 98.02 | 5.94 | 14 |
| Olroth's Resolve | Flasks | +2.24 | рҹҹў 94.39 | 1.94 | 26 |
| Saitha's Spear | Weapons | +2.26 | рҹҹў 84.77 | 1 | 68 |
| Tidebreaker | Weapons | +2.05 | рҹҹў 79.04 | 0.06929 | 89 |
| The Anvil | Accessories | +2.22 | рҹҹў 77.37 | 0.1271 | 99 |
| Levinstone | Accessories | +2.23 | рҹҹў 29.7 | 0.169 | 50 |
| Maligaro's Virtuosity | Armours | -2.41 | рҹ”ҙ -18.61 | 3.91 | 99 |
| Demon Stitcher | Armours | -2.09 | рҹ”ҙ -31.87 | 0.09027 | 216 |
| Quatl's Molt | Armours | -2.01 | рҹ”ҙ -35.15 | 0.0845 | 45 |
| Pragmatism | Armours | -2.24 | рҹ”ҙ -36.23 | 0.0845 | 22 |
| Windscream | Armours | -2.34 | рҹ”ҙ -57.77 | 0.05577 | 67 |
| Olrovasara | Weapons | -2.11 | рҹ”ҙ -67.74 | 1 | 5 |

## Currency movers (24h)

| Item | % | from | to |
|---|--:|--:|--:|
| Vaal Siphoner | рҹҹў +9800.99 | 0.0101 | 1 |
| Vaal Blacksmith's Infuser | рҹҹў +1794.66 | 0.05278 | 1 |
| Orb of Extraction | рҹҹў +118.50 | 0.1243 | 0.2716 |
| Architect's Orb | рҹҹў +74.15 | 1.47 | 2.56 |
| Vaal Catalysing Infuser | рҹҹў +47.19 | 0.6652 | 0.9791 |
| Perfect Jeweller's Orb | рҹҹў +18.87 | 1.59 | 1.89 |
| Orb of Chance | рҹҹў +18.52 | 0.108 | 0.128 |
| Perfect Regal Orb | рҹ”ҙ -20.38 | 0.3204 | 0.2551 |

## Unique movers (24h)

| Item | % | from | to |
|---|--:|--:|--:|
| Hinekora's Sight | рҹҹў +1087.85 | 0.0107 | 0.1271 |
| Guiding Palm of the Mind | рҹҹў +588.07 | 2.18 | 15 |
| Drillneck | рҹҹў +441.77 | 0.02346 | 0.1271 |
| Radiant Grief | рҹҹў +315.36 | 0.0306 | 0.1271 |
| Enfolding Dawn | рҹҹў +280.05 | 0.204 | 0.7753 |
| Guiding Palm of the Eye | рҹҹў +166.37 | 2.23 | 5.94 |
| Fury of the King | рҹҹў +157.39 | 0.3516 | 0.905 |
| Guiding Palm of the Heart | рҹҹў +144.87 | 2.34 | 5.73 |
| Xoph's Blood | рҹҹў +122.17 | 0.1087 | 0.2415 |
| Saffell's Frame | рҹҹў +116.89 | 0.1172 | 0.2542 |
| Trampletoe | рҹҹў +116.89 | 0.1172 | 0.2542 |
| Quill Rain | рҹҹў +115.98 | 0.102 | 0.2203 |
| Saitha's Spear | рҹҹў +113.31 | 0.4688 | 1 |
| Quecholli | рҹҹў +111.09 | 0.1172 | 0.2474 |
| Skysliver | рҹҹў +100.00 | 1.5 | 3 |
| Olroth's Resolve | рҹҹў +94.00 | 1 | 1.94 |
| Undying Hate | рҹҹў +91.00 | 1 | 1.91 |
| Thief's Torment | рҹҹў +82.67 | 0.08239 | 0.1505 |
| Tabula Rasa | рҹ”ҙ -73.19 | 37.3 | 10 |

## 7-bucket range position (spread вүҘ 5.0%)

Where today's price sits inside its own decoded ~7-day window. `pos` = 0% at the window low, 100% at the high. Near low = cheap vs recent range; near high = running hot.

### Currency вҖ” near 7d low (buy candidates)

| Item | pos | now (div) | low | high | trace |
|---|--:|--:|--:|--:|---|
| Orb of Chance | 0% | 0.128 | 0.128 | 0.180206 | `в–Ҳв–„в–ғв–Ҷв–Ӯв–Ғв–Ғ` |
| Vaal Blacksmith's Infuser | 0% | 1 | 1 | 1.49993 | `    в–Ҳ в–Ғ` |
| Perfect Exalted Orb | 22% | 3.75 | 3.56884 | 4.40842 | `в–Ҳв–„в–Ғв–ғв–ғв–„в–ғ` |
| Perfect Chaos Orb | 29% | 3.69 | 3.42417 | 4.33301 | `в–Ҳв–„в–…в–Ғв–Ҷв–…в–ғ` |
| Perfect Orb of Transmutation | 32% | 0.07154 | 0.0658259 | 0.0837681 | `в–…в–Ҳв–Ҳв–„в–Ғв–Ӯв–ғ` |
| Hinekora's Lock | 46% | 290 | 214.136 | 379.935 | `в–Ғв–Ғв–ғв–Ҳв–Үв–…в–„` |
| Fracturing Orb | 74% | 8.15 | 5.62879 | 9.02923 | `в–Ӯв–Ғв–Ӯв–…в–Ҳв–Ҳв–Ҷ` |
| Chaos Orb | 80% | 0.133 | 0.112738 | 0.138225 | `в–Ҳв–Ҷв–Ӯв–Ғв–ғв–ғв–Ү` |
| Perfect Orb of Augmentation | 84% | 0.1119 | 0.0679393 | 0.120463 | `в–Ғв–Ҳв–Ҳв–Үв–Ғв–ғв–Ү` |
| Perfect Regal Orb | 85% | 0.2551 | 0.192577 | 0.266143 | `в–Ӯв–„в–Үв–Ғв–Ҳв–Үв–Ү` |
| Ancient Infuser | 100% | 0.1496 | 0.0643364 | 0.1496 | `в–Ғв–Ӯв–…в–Ӯв–ғв–Ҷв–Ҳ` |
| Orb of Annulment | 100% | 0.5267 | 0.409098 | 0.5267 | `в–…в–Ғв–ғв–„в–„в–Үв–Ҳ` |
| Architect's Orb | 100% | 2.56 | 1.45373 | 2.56 | `в–Ғв–„в–„в–Ҷв–ғв–ғв–Ҳ` |
| Core Destabiliser | 100% | 0.3642 | 0.113464 | 0.3642 | `в–Ғв–Ӯв–„в–…в–Үв–Ҷв–Ҳ` |
| Crystallised Corruption | 100% | 1.51 | 0.457018 | 1.51 | `в–Ғв–Ӯв–ғв–„в–„в–Ҷв–Ҳ` |
| Divine Orb | 100% | 1 | 0.646339 | 1 | `в–Ғв–Ӯв–Ӯв–ғв–ғв–…в–Ҳ` |
| Greater Chaos Orb | 100% | 0.3279 | 0.206478 | 0.3279 | `в–Ӯв–Ғв–Ғв–Ғв–Ӯв–„в–Ҳ` |
| Greater Exalted Orb | 100% | 0.09523 | 0.059291 | 0.09523 | `в–…в–Ғв–Ӯв–ғв–Ӯв–ғв–Ҳ` |
| Mirror of Kalandra | 100% | 1340 | 1099.98 | 1340 | `   в–Ғ в–„в–Ҳ` |
| Vaal Armourer's Infuser | 100% | 0.4437 | 0.261041 | 0.4437 | `в–Ғв–„в–Ғв–Ҷв–Үв–Ҷв–Ҳ` |
| Vaal Catalysing Infuser | 100% | 0.9791 | 0.449177 | 0.9791 | `в–Ӯв–„в–Ӯв–Ғв–Ғв–ғв–Ҳ` |
| Vaal Cultivation Orb | 100% | 1.9 | 0.841391 | 1.9 | `в–Ғв–„в–ғв–Ҷв–Ҷв–Үв–Ҳ` |

### Currency вҖ” near 7d high (running hot)

| Item | pos | now (div) | low | high | trace |
|---|--:|--:|--:|--:|---|
| Ancient Infuser | 100% | 0.1496 | 0.0643364 | 0.1496 | `в–Ғв–Ӯв–…в–Ӯв–ғв–Ҷв–Ҳ` |
| Orb of Annulment | 100% | 0.5267 | 0.409098 | 0.5267 | `в–…в–Ғв–ғв–„в–„в–Үв–Ҳ` |
| Architect's Orb | 100% | 2.56 | 1.45373 | 2.56 | `в–Ғв–„в–„в–Ҷв–ғв–ғв–Ҳ` |
| Core Destabiliser | 100% | 0.3642 | 0.113464 | 0.3642 | `в–Ғв–Ӯв–„в–…в–Үв–Ҷв–Ҳ` |
| Crystallised Corruption | 100% | 1.51 | 0.457018 | 1.51 | `в–Ғв–Ӯв–ғв–„в–„в–Ҷв–Ҳ` |
| Divine Orb | 100% | 1 | 0.646339 | 1 | `в–Ғв–Ӯв–Ӯв–ғв–ғв–…в–Ҳ` |
| Greater Chaos Orb | 100% | 0.3279 | 0.206478 | 0.3279 | `в–Ӯв–Ғв–Ғв–Ғв–Ӯв–„в–Ҳ` |
| Greater Exalted Orb | 100% | 0.09523 | 0.059291 | 0.09523 | `в–…в–Ғв–Ӯв–ғв–Ӯв–ғв–Ҳ` |
| Mirror of Kalandra | 100% | 1340 | 1099.98 | 1340 | `   в–Ғ в–„в–Ҳ` |
| Vaal Armourer's Infuser | 100% | 0.4437 | 0.261041 | 0.4437 | `в–Ғв–„в–Ғв–Ҷв–Үв–Ҷв–Ҳ` |
| Vaal Catalysing Infuser | 100% | 0.9791 | 0.449177 | 0.9791 | `в–Ӯв–„в–Ӯв–Ғв–Ғв–ғв–Ҳ` |
| Vaal Cultivation Orb | 100% | 1.9 | 0.841391 | 1.9 | `в–Ғв–„в–ғв–Ҷв–Ҷв–Үв–Ҳ` |
| Perfect Regal Orb | 85% | 0.2551 | 0.192577 | 0.266143 | `в–Ӯв–„в–Үв–Ғв–Ҳв–Үв–Ү` |
| Perfect Orb of Augmentation | 84% | 0.1119 | 0.0679393 | 0.120463 | `в–Ғв–Ҳв–Ҳв–Үв–Ғв–ғв–Ү` |
| Chaos Orb | 80% | 0.133 | 0.112738 | 0.138225 | `в–Ҳв–Ҷв–Ӯв–Ғв–ғв–ғв–Ү` |
| Fracturing Orb | 74% | 8.15 | 5.62879 | 9.02923 | `в–Ӯв–Ғв–Ӯв–…в–Ҳв–Ҳв–Ҷ` |
| Hinekora's Lock | 46% | 290 | 214.136 | 379.935 | `в–Ғв–Ғв–ғв–Ҳв–Үв–…в–„` |
| Perfect Orb of Transmutation | 32% | 0.07154 | 0.0658259 | 0.0837681 | `в–…в–Ҳв–Ҳв–„в–Ғв–Ӯв–ғ` |
| Perfect Chaos Orb | 29% | 3.69 | 3.42417 | 4.33301 | `в–Ҳв–„в–…в–Ғв–Ҷв–…в–ғ` |
| Perfect Exalted Orb | 22% | 3.75 | 3.56884 | 4.40842 | `в–Ҳв–„в–Ғв–ғв–ғв–„в–ғ` |
| Orb of Chance | 0% | 0.128 | 0.128 | 0.180206 | `в–Ҳв–„в–ғв–Ҷв–Ӯв–Ғв–Ғ` |
| Vaal Blacksmith's Infuser | 0% | 1 | 1 | 1.49993 | `    в–Ҳ в–Ғ` |

### Unique вҖ” near 7d low (buy candidates)

| Item | pos | now (div) | low | high | trace |
|---|--:|--:|--:|--:|---|
| Berek's Respite | 0% | 2 | 2 | 2.38493 | `в–Ҳв–Ҳв–ғв–Ғв–Ғв–Ғв–Ғ` |
| Bursting Decay | 0% | 7 | 7 | 11.9992 | `в–Үв–Ҳв–„в–„в–„в–Ғв–Ғ` |
| Cracklecreep | 0% | 0.09027 | 0.09027 | 0.132497 | `в–Ҳв–Ҳв–…в–…в–…в–„в–Ғ` |
| Death Rush | 0% | 0.09027 | 0.09027 | 0.132497 | `в–Ҳв–Үв–„в–…в–…в–„в–Ғ` |
| Eventide Petals | 0% | 0.5292 | 0.5292 | 0.922837 | `в–Ҷв–Ҳв–ғв–Ӯв–…в–…в–Ғ` |
| Icefang Orbit | 0% | 0.09027 | 0.09027 | 0.154308 | `в–Ҳв–…в–ғв–ғв–„в–ғв–Ғ` |
| Ligurium Talisman | 0% | 0.09027 | 0.09027 | 0.132497 | `в–Ҳв–Ҳв–…в–…в–…в–„в–Ғ` |
| Mageblood | 0% | 575 | 575 | 700.044 | `в–Ӯв–Үв–Ҳв–Ҷв–„в–Ӯв–Ғ` |
| Midnight Braid | 0% | 0.09027 | 0.09027 | 0.154308 | `в–Ҳв–…в–ғв–„в–„в–ғв–Ғ` |
| Ming's Heart | 0% | 0.09027 | 0.09027 | 0.132497 | `в–Ҳв–Үв–„в–…в–…в–„в–Ғ` |
| Revered Resin | 0% | 0.09027 | 0.09027 | 0.132497 | `в–Ҳв–Үв–„в–…в–…в–„в–Ғ` |
| Rondel of Fragility | 0% | 0.09027 | 0.09027 | 0.132497 | `в–Ҳв–Үв–„в–…в–…в–„в–Ғ` |
| Soul Tether | 0% | 0.09027 | 0.09027 | 0.132497 | `в–Ҳв–Үв–„в–…в–…в–„в–Ғ` |
| The Burrower | 0% | 0.09027 | 0.09027 | 0.132497 | `в–Ҳв–Үв–„в–…в–…в–„в–Ғ` |
| Venopuncture | 0% | 0.09027 | 0.09027 | 0.132497 | `в–Ҳв–Үв–„в–…в–…в–„в–Ғ` |
| Vigilant View | 0% | 0.04225 | 0.04225 | 0.0651503 | `в–Ҳв–Үв–Ҷв–Ҷв–…в–„в–Ғ` |
| Whisper of the Brotherhood | 0% | 0.09027 | 0.09027 | 0.132497 | `в–Ҳв–Үв–„в–…в–…в–„в–Ғ` |
| Zerphi's Genesis | 0% | 0.04225 | 0.04225 | 0.0651503 | `в–Ҳв–Үв–Ҷв–Ҷв–…в–„в–Ғ` |
| Birth of Fury | 0% | 0.04225 | 0.04225 | 0.0552576 | `в–„в–Ҳв–Үв–Ҷв–…в–…в–Ғ` |
| Bitterbloom | 0% | 0.09027 | 0.09027 | 0.132497 | `в–Ҳв–Үв–„в–…в–…в–„в–Ғ` |
| Black Sun Crest | 0% | 0.09027 | 0.09027 | 0.132497 | `в–Ҳв–Үв–„в–…в–…в–„в–Ғ` |
| Bones of Ullr | 0% | 0.2542 | 0.2542 | 0.481609 | `в–…в–ғв–„в–„в–Ҳв–…в–Ғ` |
| Bristleboar | 0% | 0.09027 | 0.09027 | 0.132497 | `в–Ҳв–Үв–„в–…в–…в–„в–Ғ` |
| Bushwhack | 0% | 0.09027 | 0.09027 | 0.132497 | `в–Ҳв–Үв–„в–…в–…в–„в–Ғ` |
| Cadiro's Gambit | 0% | 1.65 | 1.65 | 3.70454 | `в–Ҳв–…в–ғв–ғв–Ғв–Ӯв–Ғ` |

### Unique вҖ” near 7d high (running hot)

| Item | pos | now (div) | low | high | trace |
|---|--:|--:|--:|--:|---|
| Astramentis | 100% | 2.39 | 1.26245 | 2.39 | `в–ғв–Ғв–Ғв–„в–Ҷв–Үв–Ҳ` |
| Eye of Chayula | 100% | 0.1271 | 0.0110304 | 0.1271 | `в–Ғв–Ғв–Ғв–Ғв–Ғв–Үв–Ҳ` |
| Fixation of Yix | 100% | 0.1271 | 0.0651494 | 0.1271 | `в–Ғв–„в–Үв–Ҷв–Үв–Үв–Ҳ` |
| Hinekora's Sight | 100% | 0.1271 | 0.0110304 | 0.1271 | `в–Ғв–Ғв–Ғв–Ғв–Ғв–Ҷв–Ҳ` |
| Idol of Uldurn | 100% | 0.1271 | 0.0491219 | 0.1271 | `в–Ғв–Ғв–Ӯв–…в–„в–Үв–Ҳ` |
| Levinstone | 100% | 0.169 | 0.1103 | 0.169 | `в–ғв–„в–Ӯв–Ғв–Ғв–Ғв–Ҳ` |
| Original Sin | 100% | 0.8897 | 0.38432 | 0.8897 | `в–Ғв–Ғв–Ӯв–Ғв–ғв–…в–Ҳ` |
| Perandus Seal | 100% | 0.1271 | 0.0613968 | 0.1271 | `в–Ғв–Ғв–ғв–ғв–Үв–Үв–Ҳ` |
| The Anvil | 100% | 0.1271 | 0.0441199 | 0.1271 | `в–ғв–Ӯв–Ӯв–Ӯв–Ғв–„в–Ҳ` |
| Thief's Torment | 100% | 0.1505 | 0.0585517 | 0.1505 | `в–Ӯв–Ғв–Ғв–…в–ғв–ғв–Ҳ` |
| Ungil's Harmony | 100% | 0.1271 | 0.0385619 | 0.1271 | `в–Ғв–Ӯв–Үв–Үв–Үв–Үв–Ҳ` |
| Xoph's Blood | 100% | 0.2415 | 0.0585476 | 0.2415 | `в–Ғв–Ғв–Ғв–…в–ғв–ғв–Ҳ` |
| Alkem Eira | 100% | 0.1271 | 0.0117103 | 0.1271 | `в–Ғв–Ғв–Ғв–Үв–Ҳв–Ҳв–Ҳ` |
| Apron of Emiran | 100% | 0.1271 | 0.0117106 | 0.1271 | `в–Ғв–Ғв–Ғв–Үв–Ҳв–Ҳв–Ҳ` |
| Assailum | 100% | 0.1271 | 0.0638595 | 0.1271 | `в–Ғв–Ғв–ғв–ғв–„в–Ҳв–Ҳ` |
| Atsak's Sight | 100% | 0.1271 | 0.02456 | 0.1271 | `в–Ғв–Ғв–Ӯв–Үв–Ҳв–Ҳв–Ҳ` |
| Blueflame Bracers | 100% | 0.1271 | 0.0117106 | 0.1271 | `в–Ғв–Ғв–Ғв–Үв–Ҳв–Ҳв–Ҳ` |
| Carrion Call | 100% | 0.1271 | 0.0110317 | 0.1271 | `в–Ӯв–Ӯв–Ӯв–Ғв–Ғв–Ҳв–Ҳ` |
| Cornathaum | 100% | 0.2539 | 0.0585377 | 0.2539 | `в–Ғв–Ғв–Ғв–Ӯв–ғв–Ҳв–Ҳ` |
| Couture of Crimson | 100% | 0.1271 | 0.0351245 | 0.1271 | `в–Ғв–Ҷв–Ғв–Үв–Үв–Ҳв–Ҳ` |
| Crown of Eyes | 100% | 0.2542 | 0.224601 | 0.2542 | `в–„в–Үв–ғв–Ғв–…в–Үв–Ҳ` |
| Decree of Acuity | 100% | 0.2542 | 0.112298 | 0.2542 | `в–Ӯв–Ӯв–Үв–Ғв–Үв–Ҳв–Ҳ` |
| Drillneck | 100% | 0.1271 | 0.0232141 | 0.1271 | `в–ғв–…в–„в–ғв–Ӯв–Ғв–Ҳ` |
| Forgotten Warden | 100% | 1 | 0.694809 | 1 | `в–ғв–ғв–Ғв–Ҳв–Үв–Ҳв–Ҳ` |
| Foxshade | 100% | 0.1271 | 0.0614031 | 0.1271 | `в–Үв–Ғв–Ӯв–Ҷв–Үв–Ҳв–Ҳ` |
