---
type: poe2-signal-brief
league: "HC Runes of Aldur"
league_day: 24
generated: 2026-06-22T21:35:10Z
snapshots: 31
currency_signals: 1
unique_signals: 11
tags: [poe2, market-signal]
---

# PoE2 Signal Brief вҖ” HC Runes of Aldur

> Day 24 В· generated 2026-06-22T21:35:10Z В· 31 snapshot(s) В· 47 currencies / 611 uniques tracked В· values in Divine В· 1 div = 91 ex (live)

Decision-support only. Momentum is run-#1 sparkline z-score; movers are absolute %-change from our own snapshot history.

## Currency momentum (|z| вүҘ 2.0, vol вүҘ 1.0)

| Currency | z | 7d % | value (div) | volume |
|---|--:|--:|--:|--:|
| Fracturing Orb | +2.01 | рҹҹў 40.65 | 9.28 | 241.2 |

## Unique momentum (|z| вүҘ 2.0, listings вүҘ 5)

| Item | Type | z | 7d % | value (div) | listings |
|---|---|--:|--:|--:|--:|
| The Hammer of Faith | Weapons | +2.27 | рҹҹў 283.5 | 1.99 | 26 |
| Yriel's Fostering | Armours | +2.45 | рҹҹў 212.8 | 0.1204 | 105 |
| Jarngreipr | Armours | +2.27 | рҹҹў 212.8 | 0.1204 | 87 |
| Perandus Seal | Accessories | +2.15 | рҹҹў 134.6 | 0.1204 | 74 |
| Cornathaum | Armours | +2.21 | рҹҹў 82.96 | 0.1174 | 38 |
| Vestige of Darkness | Armours | +2.08 | рҹҹў 74.32 | 0.3612 | 143 |
| Bones of Ullr | Armours | +2.17 | рҹҹў 54.95 | 0.4816 | 337 |
| Heroic Tragedy | Jewels | +2.45 | рҹҹў 50 | 3 | 106 |
| The Ordained | Weapons | +2.00 | рҹҹў 37.36 | 50 | 14 |
| Flesh Crucible | Jewels | -2.45 | рҹ”ҙ -3.31 | 0.9669 | 118 |
| Nebuloch | Weapons | -2.14 | рҹ”ҙ -56.96 | 0.1204 | 158 |

## Currency movers (24h)

| Item | % | from | to |
|---|--:|--:|--:|
| Vaal Blacksmith's Infuser | рҹҹў +119.37 | 0.05265 | 0.1155 |
| Ancient Infuser | рҹҹў +36.45 | 0.09593 | 0.1309 |
| Perfect Chaos Orb | рҹҹў +34.68 | 3.46 | 4.66 |
| Perfect Regal Orb | рҹҹў +28.45 | 0.2193 | 0.2817 |
| Hinekora's Lock | рҹҹў +22.41 | 320 | 391.7 |
| Vaal Cultivation Orb | рҹҹў +18.71 | 1.55 | 1.84 |
| Crystallised Corruption | рҹҹў +18.42 | 1.14 | 1.35 |
| Core Destabiliser | рҹҹў +12.71 | 0.417 | 0.47 |
| Orb of Chance | рҹ”ҙ -15.54 | 0.1255 | 0.106 |
| Perfect Jeweller's Orb | рҹ”ҙ -20.00 | 1.9 | 1.52 |
| Architect's Orb | рҹ”ҙ -22.80 | 1.93 | 1.49 |
| Perfect Orb of Augmentation | рҹ”ҙ -39.03 | 0.1453 | 0.08859 |
| Vaal Catalysing Infuser | рҹ”ҙ -40.44 | 0.9667 | 0.5758 |

## Unique movers (24h)

| Item | % | from | to |
|---|--:|--:|--:|
| Igniferis | рҹҹў +1622.39 | 0.0067 | 0.1154 |
| Icetomb | рҹҹў +876.31 | 0.01182 | 0.1154 |
| Yriel's Fostering | рҹҹў +239.54 | 0.03546 | 0.1204 |
| Vestige of Darkness | рҹҹў +236.31 | 0.1074 | 0.3612 |
| Cloak of Flame | рҹҹў +146.79 | 0.1182 | 0.2917 |
| The Knight-errant | рҹҹў +140.56 | 0.05005 | 0.1204 |
| The Hammer of Faith | рҹҹў +131.61 | 0.8592 | 1.99 |
| Horror's Flight | рҹҹў +124.21 | 0.2148 | 0.4816 |
| Chernobog's Pillar | рҹҹў +116.67 | 0.2148 | 0.4654 |
| Ingenuity | рҹҹў +110.24 | 0.1718 | 0.3612 |
| Jarngreipr | рҹҹў +103.72 | 0.0591 | 0.1204 |
| Ghostmarch | рҹҹў +96.87 | 0.1182 | 0.2327 |
| Crown of Thorns | рҹҹў +96.18 | 0.2148 | 0.4214 |
| Brain Rattler | рҹҹў +94.40 | 0.02837 | 0.05515 |
| Titanrot Cataphract | рҹҹў +90.60 | 0.2148 | 0.4094 |
| Thrillsteel | рҹҹў +86.84 | 0.3222 | 0.602 |
| The Whispering Ice | рҹҹў +86.84 | 0.3222 | 0.602 |
| Asphyxia's Wrath | рҹҹў +83.48 | 0.537 | 0.9853 |
| Rathpith Globe | рҹҹў +78.71 | 2.02 | 3.61 |
| Loreweave | рҹҹў +73.20 | 5 | 8.66 |
| Opportunity | рҹҹў +72.49 | 0.2792 | 0.4816 |

## 7-bucket range position (spread вүҘ 5.0%)

Where today's price sits inside its own decoded ~7-day window. `pos` = 0% at the window low, 100% at the high. Near low = cheap vs recent range; near high = running hot.

### Currency вҖ” near 7d low (buy candidates)

| Item | pos | now (div) | low | high | trace |
|---|--:|--:|--:|--:|---|
| Perfect Orb of Augmentation | 0% | 0.08859 | 0.08859 | 0.163816 | `в–ғв–Ӯв–Ғв–Ҳв–Үв–Ҷв–Ғ` |
| Perfect Orb of Transmutation | 0% | 0.09647 | 0.09647 | 0.138606 | `в–Ҷв–Ҳв–Ғв–„в–ғв–Ғв–Ғ` |
| Vaal Catalysing Infuser | 0% | 0.5758 | 0.5758 | 0.97346 | `в–Ҳв–Ҷв–„в–Ҷв–Ӯв–Ғв–Ғ` |
| Orb of Chance | 9% | 0.106 | 0.103362 | 0.13184 | `в–…в–Ғв–Ҳв–„в–Ғв–„в–Ӯ` |
| Perfect Exalted Orb | 13% | 3.71 | 3.59522 | 4.46718 | `в–„в–ғв–Ҳв–ғв–Ғв–Ӯв–Ӯ` |
| Perfect Regal Orb | 16% | 0.2817 | 0.255855 | 0.414368 | `в–Ҳв–Ғв–Ғв–ғв–„в–Ғв–Ӯ` |
| Greater Exalted Orb | 20% | 0.09152 | 0.0774587 | 0.147725 | `в–Ҳв–Үв–„в–Ғв–Ӯв–Ӯв–Ӯ` |
| Vaal Blacksmith's Infuser | 49% | 0.1155 | 0.060538 | 0.171873 | `в–Ҳв–„в–„в–„в–Ӯв–Ғв–„` |
| Chaos Orb | 57% | 0.1254 | 0.108779 | 0.137985 | `в–Ғв–…в–Ҳв–Ҷв–Ӯв–Ӯв–…` |
| Mirror of Kalandra | 62% | 1100 | 859.98 | 1249.98 | `в–Ғв–„в–Ҳ   в–…` |
| Architect's Orb | 79% | 1.49 | 0.693506 | 1.69626 | `в–Ӯв–Ғв–Ӯв–„в–Ҷв–Ҳв–Ү` |
| Orb of Annulment | 80% | 0.6224 | 0.493303 | 0.655375 | `в–Ғв–Ҳв–Үв–ғв–…в–Ҷв–Ү` |
| Perfect Jeweller's Orb | 89% | 1.52 | 1.25226 | 1.55155 | `в–Ғв–ғв–Ӯв–„в–…в–Ҳв–Ү` |
| Core Destabiliser | 100% | 0.47 | 0.077006 | 0.47 | `в–Ғв–Ӯв–ғв–„в–…в–Ҷв–Ҳ` |
| Crystallised Corruption | 100% | 1.35 | 0.564328 | 1.35 | `в–Ғв–Ғв–Ғв–Ӯв–…в–Ҷв–Ҳ` |
| Divine Orb | 100% | 1 | 0.821103 | 1 | `в–Ӯв–Ғв–Ӯв–„в–…в–Ҷв–Ҳ` |
| Fracturing Orb | 100% | 9.28 | 5.65443 | 9.28 | `в–ғв–ғв–Ғв–Ғв–Ӯв–…в–Ҳ` |
| Greater Chaos Orb | 100% | 0.2895 | 0.211733 | 0.2895 | `в–Ғв–„в–Ҳв–Үв–Үв–Үв–Ҳ` |
| Hinekora's Lock | 100% | 391.7 | 199.163 | 391.7 | `в–ғв–Ғв–Ғв–Ӯв–ғв–Ҷв–Ҳ` |
| Perfect Chaos Orb | 100% | 4.66 | 3.31381 | 4.66 | `в–Ғв–ғв–Үв–ғв–…в–Ӯв–Ҳ` |
| Vaal Armourer's Infuser | 100% | 0.5916 | 0.236075 | 0.5916 | `в–Ғв–Ӯв–„в–…в–ғв–Ҳв–Ҳ` |
| Vaal Cultivation Orb | 100% | 1.84 | 0.842984 | 1.84 | `в–Ӯв–Ғв–Ғв–…в–ғв–Ҷв–Ҳ` |

### Currency вҖ” near 7d high (running hot)

| Item | pos | now (div) | low | high | trace |
|---|--:|--:|--:|--:|---|
| Core Destabiliser | 100% | 0.47 | 0.077006 | 0.47 | `в–Ғв–Ӯв–ғв–„в–…в–Ҷв–Ҳ` |
| Crystallised Corruption | 100% | 1.35 | 0.564328 | 1.35 | `в–Ғв–Ғв–Ғв–Ӯв–…в–Ҷв–Ҳ` |
| Divine Orb | 100% | 1 | 0.821103 | 1 | `в–Ӯв–Ғв–Ӯв–„в–…в–Ҷв–Ҳ` |
| Fracturing Orb | 100% | 9.28 | 5.65443 | 9.28 | `в–ғв–ғв–Ғв–Ғв–Ӯв–…в–Ҳ` |
| Greater Chaos Orb | 100% | 0.2895 | 0.211733 | 0.2895 | `в–Ғв–„в–Ҳв–Үв–Үв–Үв–Ҳ` |
| Hinekora's Lock | 100% | 391.7 | 199.163 | 391.7 | `в–ғв–Ғв–Ғв–Ӯв–ғв–Ҷв–Ҳ` |
| Perfect Chaos Orb | 100% | 4.66 | 3.31381 | 4.66 | `в–Ғв–ғв–Үв–ғв–…в–Ӯв–Ҳ` |
| Vaal Armourer's Infuser | 100% | 0.5916 | 0.236075 | 0.5916 | `в–Ғв–Ӯв–„в–…в–ғв–Ҳв–Ҳ` |
| Vaal Cultivation Orb | 100% | 1.84 | 0.842984 | 1.84 | `в–Ӯв–Ғв–Ғв–…в–ғв–Ҷв–Ҳ` |
| Perfect Jeweller's Orb | 89% | 1.52 | 1.25226 | 1.55155 | `в–Ғв–ғв–Ӯв–„в–…в–Ҳв–Ү` |
| Orb of Annulment | 80% | 0.6224 | 0.493303 | 0.655375 | `в–Ғв–Ҳв–Үв–ғв–…в–Ҷв–Ү` |
| Architect's Orb | 79% | 1.49 | 0.693506 | 1.69626 | `в–Ӯв–Ғв–Ӯв–„в–Ҷв–Ҳв–Ү` |
| Mirror of Kalandra | 62% | 1100 | 859.98 | 1249.98 | `в–Ғв–„в–Ҳ   в–…` |
| Chaos Orb | 57% | 0.1254 | 0.108779 | 0.137985 | `в–Ғв–…в–Ҳв–Ҷв–Ӯв–Ӯв–…` |
| Vaal Blacksmith's Infuser | 49% | 0.1155 | 0.060538 | 0.171873 | `в–Ҳв–„в–„в–„в–Ӯв–Ғв–„` |
| Greater Exalted Orb | 20% | 0.09152 | 0.0774587 | 0.147725 | `в–Ҳв–Үв–„в–Ғв–Ӯв–Ӯв–Ӯ` |
| Perfect Regal Orb | 16% | 0.2817 | 0.255855 | 0.414368 | `в–Ҳв–Ғв–Ғв–ғв–„в–Ғв–Ӯ` |
| Perfect Exalted Orb | 13% | 3.71 | 3.59522 | 4.46718 | `в–„в–ғв–Ҳв–ғв–Ғв–Ӯв–Ӯ` |
| Orb of Chance | 9% | 0.106 | 0.103362 | 0.13184 | `в–…в–Ғв–Ҳв–„в–Ғв–„в–Ӯ` |
| Perfect Orb of Augmentation | 0% | 0.08859 | 0.08859 | 0.163816 | `в–ғв–Ӯв–Ғв–Ҳв–Үв–Ҷв–Ғ` |
| Perfect Orb of Transmutation | 0% | 0.09647 | 0.09647 | 0.138606 | `в–Ҷв–Ҳв–Ғв–„в–ғв–Ғв–Ғ` |
| Vaal Catalysing Infuser | 0% | 0.5758 | 0.5758 | 0.97346 | `в–Ҳв–Ҷв–„в–Ҷв–Ӯв–Ғв–Ғ` |

### Unique вҖ” near 7d low (buy candidates)

| Item | pos | now (div) | low | high | trace |
|---|--:|--:|--:|--:|---|
| Berek's Grip | 0% | 2.25 | 2.25 | 2.99804 | `в–Ҷв–Ҳв–Ҳв–Ҷв–Ӯв–ғв–Ғ` |
| Berek's Respite | 0% | 2 | 2 | 2.385 | `в–Ғв–Ғв–Ҳв–Ҳв–ғв–Ғв–Ғ` |
| Bursting Decay | 0% | 9 | 9 | 15.4004 | `в–Ҳв–ғв–ғв–„в–Ғв–Ғв–Ғ` |
| Headhunter | 0% | 148.6 | 148.6 | 180.016 | `в–…в–„в–…в–…в–Үв–Ҳв–Ғ` |
| Snakepit | 0% | 0.3612 | 0.3612 | 0.525224 | `в–ғв–Ҷв–ғв–Ҳв–„в–…в–Ғ` |
| Vigilant View | 0% | 0.05515 | 0.05515 | 0.0658503 | `в–Үв–Ҳв–Ҳв–…в–ғв–ғв–Ғ` |
| Zerphi's Genesis | 0% | 0.05515 | 0.05515 | 0.0658503 | `в–Үв–Ҳв–Ҳв–…в–ғв–ғв–Ғ` |
| Bloodbarrier | 0% | 0.1103 | 0.1103 | 0.262614 | `в–…в–Ғв–Ӯв–Ҳв–Ғв–Ғв–Ғ` |
| Cadiro's Gambit | 0% | 1.69 | 1.69 | 3.71978 | `в–Ҷв–Үв–Ҳв–„в–ғв–ғв–Ғ` |
| Effigy of Cruelty | 0% | 0.05515 | 0.05515 | 0.1183 | `в–Ӯв–Ҳв–Ҳв–Ӯв–Ғв–Ғв–Ғ` |
| Enfolding Dawn | 0% | 0.3471 | 0.3471 | 0.81364 | `в–ғв–…в–Ҳв–„в–ғв–Үв–Ғ` |
| Mind of the Council | 0% | 0.1654 | 0.1654 | 0.247504 | `в–„в–Үв–Ҳв–Ҳв–Үв–Ӯв–Ғ` |
| Northpaw | 0% | 0.05515 | 0.05515 | 0.130309 | `в–Ӯв–Үв–Ҳв–…в–Ғв–…в–Ғ` |
| Rearguard | 0% | 0.08348 | 0.08348 | 0.132503 | `в–„в–…в–Ҳв–Ҳв–Ҷв–…в–Ғ` |
| Redblade Banner | 0% | 0.06066 | 0.06066 | 0.130302 | `в–…в–Үв–Ҳв–Ғв–Ӯв–ғв–Ғ` |
| Silks of Veneration | 0% | 1.08 | 1.08 | 3.12139 | `в–Ҳв–…в–Ҳв–„в–„в–Ӯв–Ғ` |
| Snakebite | 0% | 0.05515 | 0.05515 | 0.0680324 | `в–Ӯв–Ҷв–…в–„в–ғв–Ҳв–Ғ` |
| Starkonja's Head | 0% | 0.2408 | 0.2408 | 0.591495 | `в–„в–Ҳв–Үв–„в–ғв–ғв–Ғ` |
| The Vertex | 0% | 1 | 1 | 1.18652 | `в–Үв–ғв–Ҳв–Ғв–Ғв–Ғв–Ғ` |
| Controlled Metamorphosis | 0% | 2.4 | 2.4 | 8.19952 | `в–Ҳв–„в–ғв–Ӯв–Ӯв–Ӯв–Ғ` |
| Undying Hate | 0% | 1 | 1 | 5 | `в–Ҳв–Ҷв–…в–ғв–ғв–ғв–Ғ` |
| Brutus' Lead Sprinkler | 0% | 1 | 1 | 2.9412 | `в–…в–Үв–Ҳв–…в–„в–Ӯв–Ғ` |
| Doomfletch | 0% | 0.2408 | 0.2408 | 0.828916 | `в–Ҳв–„в–Үв–Ҷв–…в–…в–Ғ` |
| Duality | 0% | 0.4816 | 0.4816 | 1 | `в–Ҳв–Ҳв–Ҳв–…в–„в–„в–Ғ` |
| Marohi Erqi | 0% | 0.3371 | 0.3371 | 0.467556 | `в–Үв–Ҳв–…в–…в–Ғв–Үв–Ғ` |

### Unique вҖ” near 7d high (running hot)

| Item | pos | now (div) | low | high | trace |
|---|--:|--:|--:|--:|---|
| Andvarius | 100% | 0.3612 | 0.103614 | 0.3612 | `в–Ғв–…в–…в–ғв–„в–„в–Ҳ` |
| Astramentis | 100% | 2.1 | 1.26193 | 2.1 | `в–ғв–Үв–ғв–Ғв–Ғв–…в–Ҳ` |
| Fixation of Yix | 100% | 0.1204 | 0.0641483 | 0.1204 | `в–Ғв–Ғв–Ғв–„в–Үв–Үв–Ҳ` |
| Igniferis | 100% | 0.1154 | 0.00754208 | 0.1154 | `в–Үв–Ғв–Ғв–…в–Ҳв–Ҳв–Ҳ` |
| Original Sin | 100% | 0.5538 | 0.331234 | 0.5538 | `в–Үв–Ғв–ғв–ғв–…в–ғв–Ҳ` |
| Perandus Seal | 100% | 0.1204 | 0.0513214 | 0.1204 | `в–Ғв–Ғв–Ӯв–Ӯв–„в–„в–Ҳ` |
| Ungil's Harmony | 100% | 0.1204 | 0.0385587 | 0.1204 | `в–Үв–Ӯв–Ғв–Ӯв–Ҳв–Үв–Ҳ` |
| Yoke of Suffering | 100% | 0.8428 | 0.39752 | 0.8428 | `в–ғв–„в–Ғв–ғв–Ҷв–…в–Ҳ` |
| Aerisvane's Wings | 100% | 0.1204 | 0.0513214 | 0.1204 | `в–Ғв–Ӯв–…в–…в–…в–Үв–Ҳ` |
| Alkem Eira | 100% | 0.1204 | 0.0117103 | 0.1204 | `в–Ғв–Ғв–Ғв–Ғв–Ғв–Үв–Ҳ` |
| Apron of Emiran | 100% | 0.1204 | 0.0117103 | 0.1204 | `в–Ғв–Ғв–Ғв–Ғв–Ғв–Үв–Ҳ` |
| Asphyxia's Wrath | 100% | 0.9853 | 0.518006 | 0.9853 | `в–Ғв–Ҷв–Үв–„в–Ӯв–Ӯв–Ҳ` |
| Assailum | 100% | 0.08714 | 0.0638603 | 0.08714 | `в–Ғв–Ӯв–Ғв–Ғв–Ҷв–Үв–Ҳ` |
| Atsak's Sight | 100% | 0.1204 | 0.0128303 | 0.1204 | `в–Ғв–Ӯв–Ӯв–Ӯв–Ӯв–Үв–Ҳ` |
| Atziri's Step | 100% | 0.3612 | 0.0921029 | 0.3612 | `в–Ғв–Ӯв–Ғв–Ӯв–Ӯв–Үв–Ҳ` |
| Blueflame Bracers | 100% | 0.1204 | 0.0117103 | 0.1204 | `в–Ғв–Ғв–Ғв–Ғв–Ғв–Үв–Ҳ` |
| Bones of Ullr | 100% | 0.4816 | 0.31081 | 0.4816 | `в–Ғв–ғв–…в–Ӯв–ғв–Ӯв–Ҳ` |
| Briarpatch | 100% | 0.1204 | 0.049118 | 0.1204 | `в–Ҷв–Үв–Ғв–Ғв–Ҳв–Ҷв–Ҳ` |
| Chernobog's Pillar | 100% | 0.4654 | 0.231581 | 0.4654 | `в–ғв–…в–Ҷв–Ӯв–Ғв–„в–Ҳ` |
| Cornathaum | 100% | 0.1174 | 0.0585652 | 0.1174 | `в–Ӯв–Ӯв–Ӯв–Ғв–Ғв–„в–Ҳ` |
| Couture of Crimson | 100% | 0.1204 | 0.0351276 | 0.1204 | `в–ғв–Ғв–Ғв–Үв–Ғв–Үв–Ҳ` |
| Crown of the Pale King | 100% | 0.07611 | 0.0651546 | 0.07611 | `в–Ҷв–Ғв–Ғв–…в–„в–„в–Ҳ` |
| Decree of Acuity | 100% | 0.2408 | 0.076394 | 0.2408 | `в–„в–Ғв–„в–ғв–Ҳв–ғв–Ҳ` |
| Dionadair | 100% | 0.1154 | 0.0122803 | 0.1154 | `в–Ғв–Ғв–Ғв–Ғв–Үв–Ҳв–Ҳ` |
| Eyes of the Runefather | 100% | 0.08383 | 0.0368382 | 0.08383 | `в–Ғв–Ғв–Ғв–Ғв–„в–Үв–Ҳ` |
