---
type: poe2-signal-brief
league: "HC Runes of Aldur"
league_day: 25
generated: 2026-06-24T18:04:16Z
snapshots: 45
currency_signals: 4
unique_signals: 13
tags: [poe2, market-signal]
---

# PoE2 Signal Brief — HC Runes of Aldur

> Day 25 · generated 2026-06-24T18:04:16Z · 45 snapshot(s) · 47 currencies / 619 uniques tracked · values in Divine · 1 div = 119 ex (live)

Decision-support only. Momentum is run-#1 sparkline z-score; movers are absolute %-change from our own snapshot history.

## Currency momentum (|z| ≥ 2.0, vol ≥ 1.0)

| Currency | z | 7d % | value (div) | volume |
|---|--:|--:|--:|--:|
| Architect's Orb | +2.07 | 🟢 256.2 | 2.02 | 11.76 |
| Greater Chaos Orb | +2.22 | 🟢 76.71 | 0.326 | 55.05 |
| Divine Orb | +2.14 | 🟢 59.81 | 1 | 718.7 |
| Vaal Catalysing Infuser | +2.04 | 🟢 26.69 | 0.9292 | 4.34 |

## Unique momentum (|z| ≥ 2.0, listings ≥ 5)

| Item | Type | z | 7d % | value (div) | listings |
|---|---|--:|--:|--:|--:|
| Guiding Palm of the Mind | Weapons | +2.41 | 🟢 400 | 15 | 11 |
| Quill Rain | Weapons | +2.36 | 🟢 241.5 | 0.2203 | 9 |
| Fury of the King | Weapons | +2.10 | 🟢 234.5 | 0.905 | 84 |
| Guiding Palm of the Heart | Weapons | +2.17 | 🟢 152.2 | 5.73 | 12 |
| For Utopia | Charms | +2.31 | 🟢 150.1 | 0.9109 | 29 |
| Guiding Palm of the Eye | Weapons | +2.25 | 🟢 98.02 | 5.94 | 14 |
| Saitha's Spear | Weapons | +2.26 | 🟢 84.77 | 1 | 68 |
| Tidebreaker | Weapons | +2.05 | 🟢 79.04 | 0.06929 | 89 |
| Olroth's Resolve | Flasks | +2.17 | 🟢 77.26 | 1.77 | 26 |
| The Anvil | Accessories | +2.20 | 🟢 71.78 | 0.1231 | 102 |
| The Pandemonius | Accessories | +2.06 | 🟢 66.66 | 0.1021 | 84 |
| Maligaro's Virtuosity | Armours | -2.10 | 🔴 -3.83 | 4.62 | 83 |
| Olrovasara | Weapons | -2.11 | 🔴 -67.74 | 1 | 5 |

## Currency movers (24h)

| Item | % | from | to |
|---|--:|--:|--:|
| Vaal Siphoner | 🟢 +9840.36 | 0.01006 | 1 |
| Vaal Blacksmith's Infuser | 🟢 +341.99 | 0.04258 | 0.1882 |
| Orb of Extraction | 🟢 +86.44 | 0.1246 | 0.2323 |
| Architect's Orb | 🟢 +44.29 | 1.4 | 2.02 |
| Vaal Catalysing Infuser | 🟢 +38.73 | 0.6698 | 0.9292 |
| Vaal Cultivation Orb | 🟢 +29.25 | 1.47 | 1.9 |
| Mirror of Kalandra | 🟢 +27.62 | 1050 | 1340 |
| Vaal Armourer's Infuser | 🔴 -20.85 | 0.4609 | 0.3648 |
| Perfect Regal Orb | 🔴 -21.70 | 0.3092 | 0.2421 |
| Ancient Infuser | 🔴 -51.74 | 0.1677 | 0.08093 |

## Unique movers (24h)

| Item | % | from | to |
|---|--:|--:|--:|
| The Empty Roar | 🟢 +1087.85 | 0.0107 | 0.1271 |
| Hinekora's Sight | 🟢 +1050.47 | 0.0107 | 0.1231 |
| Icetomb | 🟢 +784.67 | 0.0107 | 0.09466 |
| Guiding Palm of the Mind | 🟢 +650.00 | 2 | 15 |
| Blackgleam | 🟢 +364.26 | 0.01175 | 0.05455 |
| The Pandemonius | 🟢 +240.79 | 0.02996 | 0.1021 |
| Guiding Palm of the Eye | 🟢 +175.00 | 2.16 | 5.94 |
| Fury of the King | 🟢 +146.26 | 0.3675 | 0.905 |
| Quill Rain | 🟢 +142.22 | 0.09095 | 0.2203 |
| Guiding Palm of the Heart | 🟢 +133.88 | 2.45 | 5.73 |
| Jarngreipr | 🟢 +130.09 | 0.0535 | 0.1231 |
| Xoph's Blood | 🟢 +126.49 | 0.1087 | 0.2462 |
| For Utopia | 🟢 +109.79 | 0.4342 | 0.9109 |
| Quecholli | 🟢 +101.96 | 0.1225 | 0.2474 |
| Trampletoe | 🟢 +100.98 | 0.1225 | 0.2462 |
| Skysliver | 🟢 +100.00 | 1.5 | 3 |
| Undying Hate | 🟢 +95.00 | 1 | 1.95 |
| Redblade Banner | 🟢 +80.74 | 0.05671 | 0.1025 |
| Olroth's Resolve | 🟢 +77.00 | 1 | 1.77 |
| Dream Fragments | 🟢 +76.11 | 0.5635 | 0.9924 |
| Tabula Rasa | 🟢 +74.55 | 11 | 19.2 |
| Hysseg's Claw | 🔴 -69.61 | 0.4735 | 0.1439 |

## 7-bucket range position (spread ≥ 5.0%)

Where today's price sits inside its own decoded ~7-day window. `pos` = 0% at the window low, 100% at the high. Near low = cheap vs recent range; near high = running hot.

### Currency — near 7d low (buy candidates)

| Item | pos | now (div) | low | high | trace |
|---|--:|--:|--:|--:|---|
| Orb of Chance | 0% | 0.1211 | 0.1211 | 0.179025 | `█▅▃▇▃▂▁` |
| Perfect Orb of Transmutation | 0% | 0.06173 | 0.06173 | 0.08406 | `▇▇█▅▃▃▁` |
| Perfect Exalted Orb | 25% | 3.75 | 3.56064 | 4.32572 | `█▅▁▃▃▄▃` |
| Perfect Chaos Orb | 26% | 3.72 | 3.48125 | 4.3976 | `█▃▅▁▅▅▃` |
| Hinekora's Lock | 46% | 290 | 214.531 | 379.995 | `▁▁▃█▇▅▄` |
| Vaal Armourer's Infuser | 63% | 0.3648 | 0.246454 | 0.435149 | `▁▆▂▆█▆▅` |
| Perfect Orb of Augmentation | 70% | 0.1026 | 0.0682919 | 0.117058 | `▁███▁▄▆` |
| Fracturing Orb | 73% | 8.18 | 5.63948 | 9.11493 | `▂▁▂▅██▆` |
| Perfect Regal Orb | 73% | 0.2421 | 0.200833 | 0.257112 | `▁▃█▁██▆` |
| Chaos Orb | 74% | 0.1317 | 0.111721 | 0.138622 | `█▆▂▁▃▄▆` |
| Orb of Annulment | 99% | 0.5081 | 0.415983 | 0.50894 | `▆▁▃▄▄██` |
| Architect's Orb | 100% | 2.02 | 0.578893 | 2.02 | `▁▂▃▄▄▄█` |
| Core Destabiliser | 100% | 0.311 | 0.111356 | 0.311 | `▁▃▅▇█▇█` |
| Crystallised Corruption | 100% | 1.53 | 0.437628 | 1.53 | `▁▂▃▄▄▅█` |
| Divine Orb | 100% | 1 | 0.643702 | 1 | `▁▂▂▃▃▅█` |
| Greater Chaos Orb | 100% | 0.326 | 0.207599 | 0.326 | `▂▁▁▁▂▄█` |
| Greater Exalted Orb | 100% | 0.08611 | 0.0599349 | 0.08611 | `▇▁▂▃▃▄█` |
| Mirror of Kalandra | 100% | 1340 | 1099.98 | 1340 | `   ▁ ▃█` |
| Vaal Catalysing Infuser | 100% | 0.9292 | 0.416009 | 0.9292 | `▃▅▃▁▁▃█` |
| Vaal Cultivation Orb | 100% | 1.9 | 0.897291 | 1.9 | `▁▃▃▆▆▅█` |

### Currency — near 7d high (running hot)

| Item | pos | now (div) | low | high | trace |
|---|--:|--:|--:|--:|---|
| Architect's Orb | 100% | 2.02 | 0.578893 | 2.02 | `▁▂▃▄▄▄█` |
| Core Destabiliser | 100% | 0.311 | 0.111356 | 0.311 | `▁▃▅▇█▇█` |
| Crystallised Corruption | 100% | 1.53 | 0.437628 | 1.53 | `▁▂▃▄▄▅█` |
| Divine Orb | 100% | 1 | 0.643702 | 1 | `▁▂▂▃▃▅█` |
| Greater Chaos Orb | 100% | 0.326 | 0.207599 | 0.326 | `▂▁▁▁▂▄█` |
| Greater Exalted Orb | 100% | 0.08611 | 0.0599349 | 0.08611 | `▇▁▂▃▃▄█` |
| Mirror of Kalandra | 100% | 1340 | 1099.98 | 1340 | `   ▁ ▃█` |
| Vaal Catalysing Infuser | 100% | 0.9292 | 0.416009 | 0.9292 | `▃▅▃▁▁▃█` |
| Vaal Cultivation Orb | 100% | 1.9 | 0.897291 | 1.9 | `▁▃▃▆▆▅█` |
| Orb of Annulment | 99% | 0.5081 | 0.415983 | 0.50894 | `▆▁▃▄▄██` |
| Chaos Orb | 74% | 0.1317 | 0.111721 | 0.138622 | `█▆▂▁▃▄▆` |
| Perfect Regal Orb | 73% | 0.2421 | 0.200833 | 0.257112 | `▁▃█▁██▆` |
| Fracturing Orb | 73% | 8.18 | 5.63948 | 9.11493 | `▂▁▂▅██▆` |
| Perfect Orb of Augmentation | 70% | 0.1026 | 0.0682919 | 0.117058 | `▁███▁▄▆` |
| Vaal Armourer's Infuser | 63% | 0.3648 | 0.246454 | 0.435149 | `▁▆▂▆█▆▅` |
| Hinekora's Lock | 46% | 290 | 214.531 | 379.995 | `▁▁▃█▇▅▄` |
| Perfect Chaos Orb | 26% | 3.72 | 3.48125 | 4.3976 | `█▃▅▁▅▅▃` |
| Perfect Exalted Orb | 25% | 3.75 | 3.56064 | 4.32572 | `█▅▁▃▃▄▃` |
| Orb of Chance | 0% | 0.1211 | 0.1211 | 0.179025 | `█▅▃▇▃▂▁` |
| Perfect Orb of Transmutation | 0% | 0.06173 | 0.06173 | 0.08406 | `▇▇█▅▃▃▁` |

### Unique — near 7d low (buy candidates)

| Item | pos | now (div) | low | high | trace |
|---|--:|--:|--:|--:|---|
| Berek's Pass | 0% | 1.35 | 1.35 | 1.83271 | `▄█▇▇▁▂▁` |
| Berek's Respite | 0% | 1.9 | 1.9 | 2.39024 | `██▄▂▂▂▁` |
| Bursting Decay | 0% | 7 | 7 | 11.9992 | `▇█▄▄▄▁▁` |
| Cracklecreep | 0% | 0.09466 | 0.09466 | 0.132503 | `██▅▄▅▄▁` |
| Death Rush | 0% | 0.09466 | 0.09466 | 0.132503 | `█▇▃▄▅▄▁` |
| Icefang Orbit | 0% | 0.09466 | 0.09466 | 0.154295 | `█▅▃▃▃▃▁` |
| Ligurium Talisman | 0% | 0.09466 | 0.09466 | 0.132503 | `██▅▄▅▄▁` |
| Mageblood | 0% | 598.8 | 598.8 | 700.02 | `▁▇█▆▃▁▁` |
| Midnight Braid | 0% | 0.09466 | 0.09466 | 0.154295 | `█▅▃▄▃▃▁` |
| Ming's Heart | 0% | 0.09466 | 0.09466 | 0.132503 | `█▇▃▄▅▄▁` |
| Revered Resin | 0% | 0.09466 | 0.09466 | 0.132503 | `█▇▃▄▅▄▁` |
| Rondel of Fragility | 0% | 0.09466 | 0.09466 | 0.132503 | `█▇▃▄▅▄▁` |
| Soul Tether | 0% | 0.09466 | 0.09466 | 0.132503 | `█▇▃▄▅▄▁` |
| The Burrower | 0% | 0.09466 | 0.09466 | 0.132503 | `█▇▃▄▅▄▁` |
| The Taming | 0% | 11 | 11 | 13.9999 | `▃▆█▂▄▁▁` |
| Venopuncture | 0% | 0.09466 | 0.09466 | 0.132503 | `█▇▃▄▅▄▁` |
| Vigilant View | 0% | 0.04472 | 0.04472 | 0.0651515 | `█▇▆▅▅▃▁` |
| Whisper of the Brotherhood | 0% | 0.09466 | 0.09466 | 0.132503 | `█▇▃▄▅▄▁` |
| Zerphi's Genesis | 0% | 0.04472 | 0.04472 | 0.0651515 | `█▇▆▅▅▃▁` |
| Birth of Fury | 0% | 0.04472 | 0.04472 | 0.0552608 | `▂█▆▆▄▅▁` |
| Bitterbloom | 0% | 0.09466 | 0.09466 | 0.132503 | `█▇▃▄▅▄▁` |
| Black Sun Crest | 0% | 0.09466 | 0.09466 | 0.132503 | `█▇▃▄▅▄▁` |
| Bloodbarrier | 0% | 0.09953 | 0.09953 | 0.262538 | `▂█▂▂▁▁▁` |
| Bristleboar | 0% | 0.09466 | 0.09466 | 0.132503 | `█▇▃▄▅▄▁` |
| Bushwhack | 0% | 0.09466 | 0.09466 | 0.132503 | `█▇▃▄▅▄▁` |

### Unique — near 7d high (running hot)

| Item | pos | now (div) | low | high | trace |
|---|--:|--:|--:|--:|---|
| Andvarius | 100% | 0.6155 | 0.17066 | 0.6155 | `▂▁▂▂▄██` |
| Dream Fragments | 100% | 0.9924 | 0.33686 | 0.9924 | `▇▄▃▁▃▁█` |
| Eye of Chayula | 100% | 0.1231 | 0.0110304 | 0.1231 | `▁▁▁▁▁▇█` |
| Fixation of Yix | 100% | 0.1231 | 0.0651495 | 0.1231 | `▁▄▇▇█▇█` |
| Hinekora's Sight | 100% | 0.1231 | 0.0110304 | 0.1231 | `▁▁▁▁▁▆█` |
| Idol of Uldurn | 100% | 0.1231 | 0.0491261 | 0.1231 | `▁▁▂▅▄▇█` |
| Levinstone | 100% | 0.1449 | 0.110314 | 0.1449 | `▅▅▂▁▁▂█` |
| Original Sin | 100% | 0.7386 | 0.384247 | 0.7386 | `▁▁▃▁▄▇█` |
| Perandus Seal | 100% | 0.1231 | 0.0613969 | 0.1231 | `▁▁▃▃█▇█` |
| The Anvil | 100% | 0.1231 | 0.0441219 | 0.1231 | `▃▂▂▂▁▄█` |
| The Pandemonius | 100% | 0.1021 | 0.0285728 | 0.1021 | `▄▄▃▁▁▁█` |
| Ungil's Harmony | 100% | 0.1231 | 0.0385652 | 0.1231 | `▁▂▇▇███` |
| Xoph's Blood | 100% | 0.2462 | 0.0585499 | 0.2462 | `▁▁▁▅▃▃█` |
| Hand of Wisdom and Action | 100% | 1 | 0.636011 | 1 | `▁▅▂▄███` |
| Sandstorm Visage | 100% | 1 | 0.6737 | 1 | `█▄▁████` |
| For Utopia | 100% | 0.9109 | 0.328412 | 0.9109 | `▁▃▁▁▂▃█` |
| Forsaken Bangle | 100% | 0.3693 | 0.262586 | 0.3693 | `▁▁▄▆▅▇█` |
| The Fall of the Axe | 100% | 1.72 | 1.23283 | 1.72 | `▆▆▂▁▁██` |
| Olroth's Resolve | 100% | 1.77 | 0.527026 | 1.77 | `▄▄▃▁▄▄█` |
| Against the Darkness | 100% | 4 | 3.00008 | 4 | `▁▁▁▁███` |
| Heart of the Well | 100% | 0.6155 | 0.336887 | 0.6155 | `▃▆▁▁█▄█` |
| Heroic Tragedy | 100% | 3 | 2 | 3 | `▁▁▁▁███` |
| Double Vision | 100% | 0.1271 | 0.00901954 | 0.1271 | `▁▁▁▆▁██` |
| Earthbound | 100% | 0.1271 | 0.00710056 | 0.1271 | `▁▁▄▇███` |
| Frostbreath | 100% | 0.1271 | 0.0122807 | 0.1271 | `▂▁▇▇███` |
