---
type: poe2-signal-brief
league: "HC Runes of Aldur"
league_day: 24
generated: 2026-06-23T12:14:05Z
snapshots: 35
currency_signals: 1
unique_signals: 9
tags: [poe2, market-signal]
---

# PoE2 Signal Brief ‚ÄĒ HC Runes of Aldur

> Day 24 ¬∑ generated 2026-06-23T12:14:05Z ¬∑ 35 snapshot(s) ¬∑ 47 currencies / 614 uniques tracked ¬∑ values in Divine ¬∑ 1 div = 96 ex (live)

Decision-support only. Momentum is run-#1 sparkline z-score; movers are absolute %-change from our own snapshot history.

## Currency momentum (|z| ‚Č• 2.0, vol ‚Č• 1.0)

| Currency | z | 7d % | value (div) | volume |
|---|--:|--:|--:|--:|
| Greater Chaos Orb | +2.02 | ūüüĘ 66.55 | 0.3154 | 59.51 |

## Unique momentum (|z| ‚Č• 2.0, listings ‚Č• 5)

| Item | Type | z | 7d % | value (div) | listings |
|---|---|--:|--:|--:|--:|
| Eye of Chayula | Accessories | +2.45 | ūüüĘ 830.1 | 0.1225 | 90 |
| Carrion Call | Armours | +2.42 | ūüüĘ 830.1 | 0.1225 | 122 |
| Cornathaum | Armours | +2.33 | ūüüĘ 272.1 | 0.245 | 38 |
| Reverie | Armours | +2.20 | ūüüĘ 203.4 | 0.5435 | 56 |
| Ventor's Gamble | Accessories | +2.42 | ūüüĘ 107.1 | 0.245 | 2038 |
| Atziri's Splendour | Armours | +2.01 | ūüüĘ 44.97 | 0.8575 | 143 |
| The Anvil | Accessories | +2.09 | ūüüĘ 40.93 | 0.1225 | 102 |
| Death's Harp | Weapons | +2.22 | ūüüĘ 33.48 | 0.0535 | 40 |
| Windscream | Armours | -2.27 | ūüĒī -36.69 | 0.0749 | 67 |

## Currency movers (24h)

| Item | % | from | to |
|---|--:|--:|--:|
| Ancient Infuser | ūüüĘ +163.63 | 0.06145 | 0.162 |
| Vaal Catalysing Infuser | ūüüĘ +56.16 | 0.4133 | 0.6454 |
| Crystallised Corruption | ūüüĘ +41.00 | 0.9362 | 1.32 |
| Vaal Cultivation Orb | ūüüĘ +21.82 | 1.1 | 1.34 |
| Perfect Orb of Augmentation | ūüĒī -18.30 | 0.1181 | 0.09649 |
| Cryptic Key | ūüĒī -23.39 | 0.2715 | 0.208 |
| Hinekora's Lock | ūüĒī -23.68 | 380 | 290 |
| Architect's Orb | ūüĒī -23.89 | 1.8 | 1.37 |
| Core Destabiliser | ūüĒī -25.63 | 0.4135 | 0.3075 |
| Vaal Armourer's Infuser | ūüĒī -26.16 | 0.5894 | 0.4352 |
| Orb of Extraction | ūüĒī -37.96 | 0.2102 | 0.1304 |

## Unique movers (24h)

| Item | % | from | to |
|---|--:|--:|--:|
| Birthright Buckle | ūüüĘ +1866.23 | 0.00533 | 0.1048 |
| Eye of Chayula | ūüüĘ +974.56 | 0.0114 | 0.1225 |
| Carrion Call | ūüüĘ +974.56 | 0.0114 | 0.1225 |
| Rearguard | ūüüĘ +964.67 | 0.01067 | 0.1136 |
| Double Vision | ūüüĘ +727.09 | 0.01067 | 0.08825 |
| The Wicked Quill | ūüüĘ +379.20 | 0.02187 | 0.1048 |
| Vestige of Darkness | ūüüĘ +210.91 | 0.1182 | 0.3675 |
| The Anvil | ūüüĘ +168.64 | 0.0456 | 0.1225 |
| Cornathaum | ūüüĘ +152.84 | 0.0969 | 0.245 |
| The Hammer of Faith | ūüüĘ +141.72 | 0.7364 | 1.78 |
| Ironride | ūüüĘ +137.05 | 0.03762 | 0.08918 |
| The Black Insignia | ūüüĘ +111.18 | 0.0456 | 0.0963 |
| Doedre's Damning | ūüüĘ +107.28 | 0.1182 | 0.245 |
| Ventor's Gamble | ūüüĘ +107.28 | 0.1182 | 0.245 |
| Wanderlust | ūüüĘ +107.28 | 0.1182 | 0.245 |
| Periphery | ūüüĘ +103.84 | 0.3546 | 0.7228 |
| Cloak of Flame | ūüüĘ +97.76 | 0.1699 | 0.336 |
| Sadist's Mercy | ūüüĘ +96.95 | 0.1182 | 0.2328 |
| Reverie | ūüüĘ +94.04 | 0.2801 | 0.5435 |
| Crown of Thorns | ūüüĘ +85.52 | 0.4137 | 0.7675 |

## 7-bucket range position (spread ‚Č• 5.0%)

Where today's price sits inside its own decoded ~7-day window. `pos` = 0% at the window low, 100% at the high. Near low = cheap vs recent range; near high = running hot.

### Currency ‚ÄĒ near 7d low (buy candidates)

| Item | pos | now (div) | low | high | trace |
|---|--:|--:|--:|--:|---|
| Perfect Orb of Augmentation | 8% | 0.09649 | 0.0918036 | 0.148059 | `‚Ėā‚ĖĀ‚ĖĄ‚Ėá‚Ėą‚ĖĀ‚Ėā` |
| Greater Exalted Orb | 9% | 0.0814 | 0.0759652 | 0.137025 | `‚Ėą‚ĖÖ‚Ėā‚ĖĀ‚Ėā‚ĖĀ‚Ėā` |
| Perfect Orb of Transmutation | 12% | 0.08905 | 0.0840738 | 0.124707 | `‚Ėą‚ĖÖ‚ĖÉ‚ĖÖ‚ĖÉ‚ĖĀ‚Ėā` |
| Orb of Chance | 18% | 0.107 | 0.102331 | 0.127683 | `‚Ėā‚Ėą‚ĖĄ‚Ėā‚ĖĀ‚Ėā‚Ėā` |
| Chaos Orb | 34% | 0.1209 | 0.112924 | 0.136075 | `‚ĖÉ‚Ėą‚Ėą‚ĖÉ‚ĖĀ‚Ėā‚ĖÉ` |
| Hinekora's Lock | 47% | 290 | 206.318 | 385.835 | `‚ĖĀ‚ĖĀ‚Ėā‚Ėā‚ĖĄ‚Ėą‚ĖĄ` |
| Vaal Catalysing Infuser | 52% | 0.6454 | 0.424438 | 0.849511 | `‚Ėą‚Ėá‚ĖÜ‚ĖÜ‚ĖÉ‚ĖĀ‚ĖÖ` |
| Mirror of Kalandra | 62% | 1100 | 859.98 | 1249.98 | `‚ĖĀ‚ĖĄ‚Ėą   ‚ĖÖ` |
| Vaal Armourer's Infuser | 64% | 0.4352 | 0.241666 | 0.54439 | `‚ĖĀ‚ĖĀ‚ĖÜ‚ĖÉ‚ĖÖ‚Ėą‚ĖÖ` |
| Perfect Exalted Orb | 74% | 4.17 | 3.5693 | 4.3814 | `‚ĖÜ‚ĖĄ‚Ėą‚ĖĀ‚Ėā‚Ėā‚ĖÜ` |
| Architect's Orb | 84% | 1.37 | 0.71208 | 1.49881 | `‚ĖĀ‚ĖĀ‚ĖÉ‚ĖÜ‚Ėá‚Ėą‚Ėá` |
| Perfect Regal Orb | 85% | 0.3225 | 0.251821 | 0.334552 | `‚Ėą‚Ėā‚ĖĀ‚ĖÜ‚ĖĄ‚Ėá‚Ėá` |
| Core Destabiliser | 92% | 0.3075 | 0.097106 | 0.324996 | `‚ĖĀ‚Ėā‚ĖĄ‚ĖÜ‚Ėą‚Ėá‚Ėá` |
| Perfect Chaos Orb | 95% | 4.32 | 3.54915 | 4.35671 | `‚ĖĀ‚Ėą‚ĖÖ‚ĖÖ‚ĖÉ‚ĖÖ‚Ėą` |
| Orb of Annulment | 100% | 0.6379 | 0.490823 | 0.6379 | `‚ĖÖ‚Ėá‚ĖÉ‚ĖĀ‚ĖÜ‚ĖĄ‚Ėą` |
| Crystallised Corruption | 100% | 1.32 | 0.538676 | 1.32 | `‚ĖĀ‚ĖĀ‚Ėā‚ĖĄ‚ĖÜ‚ĖÜ‚Ėą` |
| Divine Orb | 100% | 1 | 0.778979 | 1 | `‚ĖĀ‚ĖĀ‚ĖÉ‚ĖĄ‚ĖÖ‚ĖÜ‚Ėą` |
| Fracturing Orb | 100% | 9.32 | 5.60266 | 9.32 | `‚ĖÉ‚Ėā‚ĖĀ‚ĖĀ‚ĖĄ‚Ėá‚Ėą` |
| Greater Chaos Orb | 100% | 0.3154 | 0.225562 | 0.3154 | `‚ĖĀ‚ĖĄ‚ĖĄ‚ĖĄ‚ĖĄ‚ĖĄ‚Ėą` |
| Perfect Jeweller's Orb | 100% | 1.51 | 1.18706 | 1.51 | `‚Ėā‚ĖĀ‚ĖÉ‚ĖĄ‚ĖÜ‚Ėą‚Ėą` |
| Vaal Cultivation Orb | 100% | 1.34 | 0.502025 | 1.34 | `‚ĖĀ‚ĖĀ‚Ėā‚Ėā‚ĖÜ‚ĖÜ‚Ėą` |

### Currency ‚ÄĒ near 7d high (running hot)

| Item | pos | now (div) | low | high | trace |
|---|--:|--:|--:|--:|---|
| Orb of Annulment | 100% | 0.6379 | 0.490823 | 0.6379 | `‚ĖÖ‚Ėá‚ĖÉ‚ĖĀ‚ĖÜ‚ĖĄ‚Ėą` |
| Crystallised Corruption | 100% | 1.32 | 0.538676 | 1.32 | `‚ĖĀ‚ĖĀ‚Ėā‚ĖĄ‚ĖÜ‚ĖÜ‚Ėą` |
| Divine Orb | 100% | 1 | 0.778979 | 1 | `‚ĖĀ‚ĖĀ‚ĖÉ‚ĖĄ‚ĖÖ‚ĖÜ‚Ėą` |
| Fracturing Orb | 100% | 9.32 | 5.60266 | 9.32 | `‚ĖÉ‚Ėā‚ĖĀ‚ĖĀ‚ĖĄ‚Ėá‚Ėą` |
| Greater Chaos Orb | 100% | 0.3154 | 0.225562 | 0.3154 | `‚ĖĀ‚ĖĄ‚ĖĄ‚ĖĄ‚ĖĄ‚ĖĄ‚Ėą` |
| Perfect Jeweller's Orb | 100% | 1.51 | 1.18706 | 1.51 | `‚Ėā‚ĖĀ‚ĖÉ‚ĖĄ‚ĖÜ‚Ėą‚Ėą` |
| Vaal Cultivation Orb | 100% | 1.34 | 0.502025 | 1.34 | `‚ĖĀ‚ĖĀ‚Ėā‚Ėā‚ĖÜ‚ĖÜ‚Ėą` |
| Perfect Chaos Orb | 95% | 4.32 | 3.54915 | 4.35671 | `‚ĖĀ‚Ėą‚ĖÖ‚ĖÖ‚ĖÉ‚ĖÖ‚Ėą` |
| Core Destabiliser | 92% | 0.3075 | 0.097106 | 0.324996 | `‚ĖĀ‚Ėā‚ĖĄ‚ĖÜ‚Ėą‚Ėá‚Ėá` |
| Perfect Regal Orb | 85% | 0.3225 | 0.251821 | 0.334552 | `‚Ėą‚Ėā‚ĖĀ‚ĖÜ‚ĖĄ‚Ėá‚Ėá` |
| Architect's Orb | 84% | 1.37 | 0.71208 | 1.49881 | `‚ĖĀ‚ĖĀ‚ĖÉ‚ĖÜ‚Ėá‚Ėą‚Ėá` |
| Perfect Exalted Orb | 74% | 4.17 | 3.5693 | 4.3814 | `‚ĖÜ‚ĖĄ‚Ėą‚ĖĀ‚Ėā‚Ėā‚ĖÜ` |
| Vaal Armourer's Infuser | 64% | 0.4352 | 0.241666 | 0.54439 | `‚ĖĀ‚ĖĀ‚ĖÜ‚ĖÉ‚ĖÖ‚Ėą‚ĖÖ` |
| Mirror of Kalandra | 62% | 1100 | 859.98 | 1249.98 | `‚ĖĀ‚ĖĄ‚Ėą   ‚ĖÖ` |
| Vaal Catalysing Infuser | 52% | 0.6454 | 0.424438 | 0.849511 | `‚Ėą‚Ėá‚ĖÜ‚ĖÜ‚ĖÉ‚ĖĀ‚ĖÖ` |
| Hinekora's Lock | 47% | 290 | 206.318 | 385.835 | `‚ĖĀ‚ĖĀ‚Ėā‚Ėā‚ĖĄ‚Ėą‚ĖĄ` |
| Chaos Orb | 34% | 0.1209 | 0.112924 | 0.136075 | `‚ĖÉ‚Ėą‚Ėą‚ĖÉ‚ĖĀ‚Ėā‚ĖÉ` |
| Orb of Chance | 18% | 0.107 | 0.102331 | 0.127683 | `‚Ėā‚Ėą‚ĖĄ‚Ėā‚ĖĀ‚Ėā‚Ėā` |
| Perfect Orb of Transmutation | 12% | 0.08905 | 0.0840738 | 0.124707 | `‚Ėą‚ĖÖ‚ĖÉ‚ĖÖ‚ĖÉ‚ĖĀ‚Ėā` |
| Greater Exalted Orb | 9% | 0.0814 | 0.0759652 | 0.137025 | `‚Ėą‚ĖÖ‚Ėā‚ĖĀ‚Ėā‚ĖĀ‚Ėā` |
| Perfect Orb of Augmentation | 8% | 0.09649 | 0.0918036 | 0.148059 | `‚Ėā‚ĖĀ‚ĖĄ‚Ėá‚Ėą‚ĖĀ‚Ėā` |

### Unique ‚ÄĒ near 7d low (buy candidates)

| Item | pos | now (div) | low | high | trace |
|---|--:|--:|--:|--:|---|
| Berek's Grip | 0% | 1.99 | 1.99 | 3.00287 | `‚Ėą‚Ėą‚ĖÜ‚ĖÉ‚ĖĄ‚ĖÉ‚ĖĀ` |
| Bursting Decay | 0% | 7 | 7 | 11.9998 | `‚ĖÜ‚Ėá‚Ėą‚ĖĄ‚ĖĄ‚ĖĄ‚ĖĀ` |
| Byrnabas | 0% | 0.07918 | 0.07918 | 0.0921877 | `‚Ėą‚Ėá‚ĖÖ‚Ėā‚ĖÜ‚ĖĄ‚ĖĀ` |
| Death Rush | 0% | 0.1048 | 0.1048 | 0.132496 | `‚Ėā‚Ėą‚ĖÜ‚Ėā‚ĖÉ‚ĖĄ‚ĖĀ` |
| Eventide Petals | 0% | 0.3675 | 0.3675 | 1 | `‚Ėą‚Ėą‚ĖĄ‚ĖÉ‚Ėā‚Ėā‚ĖĀ` |
| Headhunter | 0% | 144.2 | 144.2 | 180.002 | `‚ĖĄ‚ĖÖ‚ĖÖ‚Ėá‚Ėą‚Ėā‚ĖĀ` |
| Icefang Orbit | 0% | 0.1048 | 0.1048 | 0.154296 | `‚Ėā‚Ėą‚ĖĄ‚ĖĀ‚Ėā‚Ėā‚ĖĀ` |
| Levinstone | 0% | 0.107 | 0.107 | 0.13129 | `‚ĖĄ‚Ėą‚Ėą‚ĖĄ‚ĖÉ‚Ėā‚ĖĀ` |
| Ligurium Talisman | 0% | 0.1048 | 0.1048 | 0.132494 | `‚ĖĄ‚Ėą‚Ėą‚ĖĄ‚ĖÉ‚ĖĄ‚ĖĀ` |
| Midnight Braid | 0% | 0.1048 | 0.1048 | 0.154296 | `‚Ėā‚Ėą‚ĖĄ‚ĖĀ‚ĖÉ‚Ėā‚ĖĀ` |
| Ming's Heart | 0% | 0.1048 | 0.1048 | 0.132496 | `‚Ėā‚Ėą‚ĖÜ‚Ėā‚ĖÉ‚ĖĄ‚ĖĀ` |
| Revered Resin | 0% | 0.1048 | 0.1048 | 0.132494 | `‚ĖĄ‚Ėą‚ĖÜ‚Ėā‚ĖÉ‚ĖĄ‚ĖĀ` |
| Rondel of Fragility | 0% | 0.1048 | 0.1048 | 0.132494 | `‚ĖĄ‚Ėą‚Ėá‚Ėā‚ĖÉ‚ĖĄ‚ĖĀ` |
| Soul Tether | 0% | 0.1048 | 0.1048 | 0.132494 | `‚ĖĄ‚Ėą‚ĖÜ‚Ėā‚ĖÉ‚ĖĄ‚ĖĀ` |
| The Burrower | 0% | 0.1048 | 0.1048 | 0.132496 | `‚Ėā‚Ėą‚ĖÜ‚Ėā‚ĖÉ‚ĖĄ‚ĖĀ` |
| The Taming | 0% | 11 | 11 | 14.0006 | `‚ĖĀ‚ĖÉ‚ĖÜ‚Ėą‚Ėā‚ĖĄ‚ĖĀ` |
| Venopuncture | 0% | 0.1048 | 0.1048 | 0.132494 | `‚ĖĄ‚Ėą‚Ėá‚Ėā‚ĖÉ‚ĖĄ‚ĖĀ` |
| Vigilant View | 0% | 0.0535 | 0.0535 | 0.0658462 | `‚Ėą‚Ėą‚ĖÖ‚ĖĄ‚ĖÉ‚Ėā‚ĖĀ` |
| Whisper of the Brotherhood | 0% | 0.1048 | 0.1048 | 0.132496 | `‚Ėā‚Ėą‚ĖÜ‚Ėā‚ĖÉ‚ĖĄ‚ĖĀ` |
| Zerphi's Genesis | 0% | 0.0535 | 0.0535 | 0.0658462 | `‚Ėą‚Ėą‚ĖÖ‚ĖĄ‚ĖÉ‚Ėā‚ĖĀ` |
| Asphyxia's Wrath | 0% | 0.49 | 0.49 | 0.9853 | `‚ĖÜ‚Ėá‚ĖĄ‚Ėā‚Ėā‚Ėą‚ĖĀ` |
| Bitterbloom | 0% | 0.1048 | 0.1048 | 0.132496 | `‚Ėā‚Ėą‚ĖÜ‚Ėā‚ĖÉ‚ĖĄ‚ĖĀ` |
| Black Sun Crest | 0% | 0.1048 | 0.1048 | 0.132496 | `‚Ėā‚Ėą‚ĖÜ‚Ėā‚ĖÉ‚ĖĄ‚ĖĀ` |
| Bloodbarrier | 0% | 0.107 | 0.107 | 0.26262 | `‚Ėā‚Ėā‚Ėą‚ĖĀ‚ĖĀ‚ĖĀ‚ĖĀ` |
| Bristleboar | 0% | 0.1048 | 0.1048 | 0.132496 | `‚Ėā‚Ėą‚ĖÜ‚Ėā‚ĖÉ‚ĖĄ‚ĖĀ` |

### Unique ‚ÄĒ near 7d high (running hot)

| Item | pos | now (div) | low | high | trace |
|---|--:|--:|--:|--:|---|
| Andvarius | 100% | 0.3675 | 0.170678 | 0.3675 | `‚ĖÉ‚ĖĄ‚ĖĀ‚ĖÉ‚ĖÉ‚Ėą‚Ėą` |
| Astramentis | 100% | 2.14 | 1.26019 | 2.14 | `‚Ėá‚ĖÉ‚ĖĀ‚ĖĀ‚ĖĄ‚Ėą‚Ėą` |
| Eye of Chayula | 100% | 0.1225 | 0.0110304 | 0.1225 | `‚ĖĀ‚ĖĀ‚ĖĀ‚ĖĀ‚ĖĀ‚ĖĀ‚Ėą` |
| Fixation of Yix | 100% | 0.1225 | 0.0651516 | 0.1225 | `‚ĖĀ‚ĖĀ‚ĖĄ‚Ėá‚Ėá‚Ėą‚Ėą` |
| Original Sin | 100% | 0.6125 | 0.331242 | 0.6125 | `‚ĖĀ‚Ėā‚ĖÉ‚ĖĄ‚ĖÉ‚Ėá‚Ėą` |
| Perandus Seal | 100% | 0.1225 | 0.0526882 | 0.1225 | `‚ĖĀ‚Ėā‚Ėā‚ĖĄ‚ĖĄ‚Ėą‚Ėą` |
| The Anvil | 100% | 0.1225 | 0.0441219 | 0.1225 | `‚ĖÖ‚ĖÉ‚Ėā‚Ėā‚Ėā‚ĖĀ‚Ėą` |
| Ungil's Harmony | 100% | 0.1225 | 0.0385603 | 0.1225 | `‚Ėā‚ĖĀ‚Ėā‚Ėá‚Ėá‚Ėą‚Ėą` |
| Ventor's Gamble | 100% | 0.245 | 0.112303 | 0.245 | `‚ĖĀ‚Ėā‚Ėā‚ĖĀ‚ĖĀ‚ĖĀ‚Ėą` |
| Yoke of Suffering | 100% | 0.9715 | 0.397496 | 0.9715 | `‚ĖÉ‚ĖĀ‚ĖÉ‚ĖÖ‚ĖĄ‚ĖÜ‚Ėą` |
| Aerisvane's Wings | 100% | 0.1225 | 0.0605836 | 0.1225 | `‚ĖĀ‚ĖÖ‚ĖĄ‚ĖÖ‚Ėá‚Ėą‚Ėą` |
| Alkem Eira | 100% | 0.1225 | 0.01171 | 0.1225 | `‚ĖĀ‚ĖĀ‚ĖĀ‚ĖĀ‚Ėá‚Ėą‚Ėą` |
| Apron of Emiran | 100% | 0.1225 | 0.01171 | 0.1225 | `‚ĖĀ‚ĖĀ‚ĖĀ‚ĖĀ‚Ėá‚Ėą‚Ėą` |
| Assailum | 100% | 0.09095 | 0.0638599 | 0.09095 | `‚Ėā‚ĖĀ‚ĖĀ‚ĖÖ‚ĖÜ‚Ėá‚Ėą` |
| Atsak's Sight | 100% | 0.1225 | 0.0245579 | 0.1225 | `‚ĖĀ‚ĖĀ‚ĖĀ‚Ėā‚Ėá‚Ėą‚Ėą` |
| Atziri's Splendour | 100% | 0.8575 | 0.393881 | 0.8575 | `‚ĖĄ‚ĖÖ‚ĖĀ‚ĖÉ‚Ėā‚Ėā‚Ėą` |
| Atziri's Step | 100% | 0.3675 | 0.0920998 | 0.3675 | `‚Ėā‚ĖĀ‚Ėā‚Ėā‚Ėá‚Ėą‚Ėą` |
| Blackbraid | 100% | 0.5933 | 0.348189 | 0.5933 | `‚Ėā‚ĖĄ‚ĖÖ‚ĖĀ‚Ėá‚ĖĄ‚Ėą` |
| Blueflame Bracers | 100% | 0.1225 | 0.01171 | 0.1225 | `‚ĖĀ‚ĖĀ‚ĖĀ‚ĖĀ‚Ėá‚Ėą‚Ėą` |
| Bones of Ullr | 100% | 0.9612 | 0.683131 | 0.9612 | `‚Ėā‚ĖÖ‚ĖĄ‚ĖĀ‚Ėą‚Ėá‚Ėą` |
| Briarpatch | 100% | 0.1225 | 0.0491228 | 0.1225 | `‚Ėá‚ĖĀ‚ĖĀ‚Ėá‚ĖÜ‚Ėą‚Ėą` |
| Carrion Call | 100% | 0.1225 | 0.0110304 | 0.1225 | `‚ĖĀ‚Ėā‚Ėā‚Ėā‚ĖĀ‚ĖĀ‚Ėą` |
| Chernobog's Pillar | 100% | 0.6125 | 0.231613 | 0.6125 | `‚ĖÉ‚ĖĄ‚Ėā‚ĖĀ‚ĖÉ‚ĖÖ‚Ėą` |
| Cornathaum | 100% | 0.245 | 0.0585406 | 0.245 | `‚ĖĀ‚ĖĀ‚ĖĀ‚ĖĀ‚Ėā‚ĖÉ‚Ėą` |
| Couture of Crimson | 100% | 0.1225 | 0.0351338 | 0.1225 | `‚ĖĀ‚ĖĀ‚ĖÜ‚ĖĀ‚Ėá‚Ėą‚Ėą` |
