---
type: poe2-signal-brief
league: "HC Runes of Aldur"
league_day: 26
generated: 2026-06-25T14:54:31Z
snapshots: 52
currency_signals: 5
unique_signals: 8
tags: [poe2, market-signal]
---

# PoE2 Signal Brief ‚ÄĒ HC Runes of Aldur

> Day 26 ¬∑ generated 2026-06-25T14:54:31Z ¬∑ 52 snapshot(s) ¬∑ 47 currencies / 621 uniques tracked ¬∑ values in Divine ¬∑ 1 div = 123 ex (live)

Decision-support only. Momentum is run-#1 sparkline z-score; movers are absolute %-change from our own snapshot history.

## Currency momentum (|z| ‚Č• 2.0, vol ‚Č• 1.0)

| Currency | z | 7d % | value (div) | volume |
|---|--:|--:|--:|--:|
| Vaal Blacksmith's Infuser | +2.27 | ūüüĘ 322.7 | 0.277 | 1.8 |
| Crystallised Corruption | +2.14 | ūüüĘ 200.9 | 2.42 | 13.33 |
| Perfect Orb of Transmutation | +2.04 | ūüüĘ 55.99 | 0.09916 | 5.44 |
| Greater Exalted Orb | +2.27 | ūüüĘ 53.24 | 0.1113 | 19.5 |
| Perfect Chaos Orb | -2.27 | ūüĒī -41.94 | 2.86 | 65.83 |

## Unique momentum (|z| ‚Č• 2.0, listings ‚Č• 5)

| Item | Type | z | 7d % | value (div) | listings |
|---|---|--:|--:|--:|--:|
| Reverie | Armours | +2.41 | ūüüĘ 261.2 | 0.8339 | 56 |
| The Pandemonius | Accessories | +2.30 | ūüüĘ 133 | 0.1345 | 92 |
| Ventor's Gamble | Accessories | +2.41 | ūüüĘ 104.9 | 0.269 | 2078 |
| Svalinn | Armours | +2.30 | ūüüĘ 104.9 | 0.538 | 97 |
| Shavronne's Satchel | Accessories | +2.16 | ūüüĘ 82.92 | 0.3362 | 155 |
| Decree of Flight | Armours | -2.45 | ūüĒī -3.51 | 0.9649 | 115 |
| Megalomaniac | Jewels | -2.45 | ūüĒī -9.82 | 0.9018 | 693 |
| Leopold's Applause | Armours | -2.17 | ūüĒī -31.71 | 0.269 | 80 |

## Currency movers (24h)

| Item | % | from | to |
|---|--:|--:|--:|
| Vaal Blacksmith's Infuser | ūüüĘ +273.01 | 0.07426 | 0.277 |
| Orb of Extraction | ūüüĘ +140.62 | 0.2095 | 0.5041 |
| Cryptic Key | ūüüĘ +96.70 | 0.3211 | 0.6316 |
| Ancient Infuser | ūüüĘ +67.24 | 0.09956 | 0.1665 |
| Vaal Armourer's Infuser | ūüüĘ +60.40 | 0.327 | 0.5245 |
| Greater Exalted Orb | ūüüĘ +50.30 | 0.07405 | 0.1113 |
| Perfect Jeweller's Orb | ūüüĘ +41.04 | 1.34 | 1.89 |
| Crystallised Corruption | ūüüĘ +39.88 | 1.73 | 2.42 |
| Vaal Cultivation Orb | ūüüĘ +39.69 | 1.31 | 1.83 |
| Vaal Catalysing Infuser | ūüüĘ +27.09 | 0.7716 | 0.9806 |
| Perfect Orb of Transmutation | ūüüĘ +26.79 | 0.07821 | 0.09916 |
| Perfect Regal Orb | ūüüĘ +23.32 | 0.2367 | 0.2919 |
| Mirror of Kalandra | ūüüĘ +21.74 | 1150 | 1400 |
| Perfect Chaos Orb | ūüĒī -21.43 | 3.64 | 2.86 |

## Unique movers (24h)

| Item | % | from | to |
|---|--:|--:|--:|
| Beyond Reach | ūüüĘ +651.82 | 0.01789 | 0.1345 |
| Radiant Grief | ūüüĘ +401.30 | 0.02683 | 0.1345 |
| Reverie | ūüüĘ +238.71 | 0.2462 | 0.8339 |
| Shackles of the Wretched | ūüüĘ +207.24 | 0.03564 | 0.1095 |
| Fury of the King | ūüüĘ +175.71 | 0.3627 | 1 |
| Quill Rain | ūüüĘ +173.98 | 0.09716 | 0.2662 |
| Blackgleam | ūüüĘ +146.56 | 0.05455 | 0.1345 |
| Svalinn | ūüüĘ +120.49 | 0.244 | 0.538 |
| Enezun's Charge | ūüüĘ +120.18 | 0.1209 | 0.2662 |
| Ventor's Gamble | ūüüĘ +118.52 | 0.1231 | 0.269 |
| Ghostmarch | ūüüĘ +115.03 | 0.1231 | 0.2647 |
| Brutus' Lead Sprinkler | ūüüĘ +100.00 | 1 | 2 |
| Cloak of Flame | ūüüĘ +96.67 | 0.2462 | 0.4842 |
| Thief's Torment | ūüüĘ +95.32 | 0.06886 | 0.1345 |
| Northpaw | ūüüĘ +95.32 | 0.06886 | 0.1345 |
| Saitha's Spear | ūüüĘ +87.97 | 0.532 | 1 |
| Doomfletch | ūüüĘ +83.48 | 0.3627 | 0.6655 |
| Eventide Petals | ūüüĘ +70.73 | 0.3939 | 0.6725 |
| Titanrot Cataphract | ūüüĘ +62.89 | 0.4789 | 0.7801 |
| The Empty Roar | ūüüĘ +59.48 | 0.08346 | 0.1331 |
| Windscream | ūüĒī -61.75 | 0.111 | 0.04246 |

## 7-bucket range position (spread ‚Č• 5.0%)

Where today's price sits inside its own decoded ~7-day window. `pos` = 0% at the window low, 100% at the high. Near low = cheap vs recent range; near high = running hot.

### Currency ‚ÄĒ near 7d low (buy candidates)

| Item | pos | now (div) | low | high | trace |
|---|--:|--:|--:|--:|---|
| Perfect Chaos Orb | 0% | 2.86 | 2.86 | 4.21857 | `‚ĖÜ‚ĖÜ‚ĖÜ‚Ėą‚Ėá‚ĖÖ‚ĖĀ` |
| Orb of Annulment | 28% | 0.6244 | 0.587271 | 0.71973 | `‚Ėą‚ĖÜ‚Ėą‚ĖĄ‚ĖÉ‚ĖĀ‚ĖÉ` |
| Perfect Exalted Orb | 32% | 3.81 | 3.61621 | 4.23026 | `‚Ėą‚ĖĀ‚Ėā‚ĖÉ‚ĖĄ‚ĖĄ‚ĖÉ` |
| Hinekora's Lock | 36% | 284.5 | 224.25 | 391.658 | `‚ĖĀ‚Ėā‚ĖĄ‚Ėą‚ĖĄ‚ĖÖ‚ĖĄ` |
| Fracturing Orb | 74% | 8.23 | 5.65378 | 9.13416 | `‚ĖĀ‚ĖĀ‚ĖĄ‚Ėá‚Ėą‚ĖÜ‚ĖÜ` |
| Chaos Orb | 93% | 0.1331 | 0.112743 | 0.134583 | `‚Ėą‚Ėā‚ĖĀ‚Ėā‚ĖĄ‚ĖÜ‚Ėą` |
| Architect's Orb | 100% | 1.67 | 0.724367 | 1.67 | `‚ĖĀ‚ĖÉ‚ĖĄ‚ĖĄ‚ĖĄ‚Ėá‚Ėą` |
| Orb of Chance | 100% | 0.09112 | 0.0779248 | 0.09112 | `‚ĖÖ‚ĖĀ‚ĖÉ‚Ėā‚ĖĄ‚ĖÜ‚Ėą` |
| Core Destabiliser | 100% | 0.4049 | 0.138803 | 0.4049 | `‚ĖĀ‚ĖÉ‚ĖĄ‚ĖĄ‚ĖÜ‚ĖÜ‚Ėą` |
| Crystallised Corruption | 100% | 2.42 | 1.40712 | 2.42 | `‚Ėā‚ĖĀ‚ĖÉ‚ĖĄ‚ĖÉ‚ĖĄ‚Ėą` |
| Divine Orb | 100% | 1 | 0.649897 | 1 | `‚ĖĀ‚Ėā‚Ėā‚ĖÉ‚ĖĄ‚Ėá‚Ėą` |
| Greater Chaos Orb | 100% | 0.3433 | 0.301746 | 0.3433 | `‚Ėá‚Ėā‚ĖĄ‚ĖĀ‚ĖĀ‚ĖĄ‚Ėą` |
| Greater Exalted Orb | 100% | 0.1113 | 0.0600151 | 0.1113 | `‚ĖĀ‚ĖĀ‚Ėā‚ĖĀ‚Ėā‚ĖĄ‚Ėą` |
| Mirror of Kalandra | 100% | 1400 | 1100.02 | 1400 | `  ‚ĖĀ ‚ĖÉ‚ĖĄ‚Ėą` |
| Perfect Orb of Augmentation | 100% | 0.1203 | 0.071191 | 0.1203 | `‚ĖÖ‚Ėá‚Ėá‚ĖĀ‚Ėā‚ĖĄ‚Ėą` |
| Perfect Orb of Transmutation | 100% | 0.09916 | 0.0635046 | 0.09916 | `‚ĖĄ‚ĖÖ‚ĖÉ‚ĖĀ‚ĖĀ‚Ėā‚Ėą` |
| Perfect Regal Orb | 100% | 0.2919 | 0.20413 | 0.2919 | `‚ĖĀ‚ĖĄ‚Ėā‚ĖÖ‚ĖĄ‚ĖÉ‚Ėą` |
| Vaal Armourer's Infuser | 100% | 0.5245 | 0.257891 | 0.5245 | `‚ĖÉ‚ĖĀ‚ĖÉ‚ĖÖ‚ĖĄ‚ĖĄ‚Ėą` |
| Vaal Blacksmith's Infuser | 100% | 0.277 | 0.0453541 | 0.277 | `‚Ėā‚Ėā‚ĖĀ‚Ėā‚Ėā‚ĖĄ‚Ėą` |
| Vaal Catalysing Infuser | 100% | 0.9806 | 0.365288 | 0.9806 | `‚ĖÉ‚ĖÉ‚Ėā‚ĖĀ‚ĖÉ‚Ėą‚Ėą` |
| Vaal Cultivation Orb | 100% | 1.83 | 1.15521 | 1.83 | `‚ĖĀ‚Ėā‚ĖÉ‚ĖÜ‚ĖÜ‚Ėá‚Ėą` |

### Currency ‚ÄĒ near 7d high (running hot)

| Item | pos | now (div) | low | high | trace |
|---|--:|--:|--:|--:|---|
| Architect's Orb | 100% | 1.67 | 0.724367 | 1.67 | `‚ĖĀ‚ĖÉ‚ĖĄ‚ĖĄ‚ĖĄ‚Ėá‚Ėą` |
| Orb of Chance | 100% | 0.09112 | 0.0779248 | 0.09112 | `‚ĖÖ‚ĖĀ‚ĖÉ‚Ėā‚ĖĄ‚ĖÜ‚Ėą` |
| Core Destabiliser | 100% | 0.4049 | 0.138803 | 0.4049 | `‚ĖĀ‚ĖÉ‚ĖĄ‚ĖĄ‚ĖÜ‚ĖÜ‚Ėą` |
| Crystallised Corruption | 100% | 2.42 | 1.40712 | 2.42 | `‚Ėā‚ĖĀ‚ĖÉ‚ĖĄ‚ĖÉ‚ĖĄ‚Ėą` |
| Divine Orb | 100% | 1 | 0.649897 | 1 | `‚ĖĀ‚Ėā‚Ėā‚ĖÉ‚ĖĄ‚Ėá‚Ėą` |
| Greater Chaos Orb | 100% | 0.3433 | 0.301746 | 0.3433 | `‚Ėá‚Ėā‚ĖĄ‚ĖĀ‚ĖĀ‚ĖĄ‚Ėą` |
| Greater Exalted Orb | 100% | 0.1113 | 0.0600151 | 0.1113 | `‚ĖĀ‚ĖĀ‚Ėā‚ĖĀ‚Ėā‚ĖĄ‚Ėą` |
| Mirror of Kalandra | 100% | 1400 | 1100.02 | 1400 | `  ‚ĖĀ ‚ĖÉ‚ĖĄ‚Ėą` |
| Perfect Orb of Augmentation | 100% | 0.1203 | 0.071191 | 0.1203 | `‚ĖÖ‚Ėá‚Ėá‚ĖĀ‚Ėā‚ĖĄ‚Ėą` |
| Perfect Orb of Transmutation | 100% | 0.09916 | 0.0635046 | 0.09916 | `‚ĖĄ‚ĖÖ‚ĖÉ‚ĖĀ‚ĖĀ‚Ėā‚Ėą` |
| Perfect Regal Orb | 100% | 0.2919 | 0.20413 | 0.2919 | `‚ĖĀ‚ĖĄ‚Ėā‚ĖÖ‚ĖĄ‚ĖÉ‚Ėą` |
| Vaal Armourer's Infuser | 100% | 0.5245 | 0.257891 | 0.5245 | `‚ĖÉ‚ĖĀ‚ĖÉ‚ĖÖ‚ĖĄ‚ĖĄ‚Ėą` |
| Vaal Blacksmith's Infuser | 100% | 0.277 | 0.0453541 | 0.277 | `‚Ėā‚Ėā‚ĖĀ‚Ėā‚Ėā‚ĖĄ‚Ėą` |
| Vaal Catalysing Infuser | 100% | 0.9806 | 0.365288 | 0.9806 | `‚ĖÉ‚ĖÉ‚Ėā‚ĖĀ‚ĖÉ‚Ėą‚Ėą` |
| Vaal Cultivation Orb | 100% | 1.83 | 1.15521 | 1.83 | `‚ĖĀ‚Ėā‚ĖÉ‚ĖÜ‚ĖÜ‚Ėá‚Ėą` |
| Chaos Orb | 93% | 0.1331 | 0.112743 | 0.134583 | `‚Ėą‚Ėā‚ĖĀ‚Ėā‚ĖĄ‚ĖÜ‚Ėą` |
| Fracturing Orb | 74% | 8.23 | 5.65378 | 9.13416 | `‚ĖĀ‚ĖĀ‚ĖĄ‚Ėá‚Ėą‚ĖÜ‚ĖÜ` |
| Hinekora's Lock | 36% | 284.5 | 224.25 | 391.658 | `‚ĖĀ‚Ėā‚ĖĄ‚Ėą‚ĖĄ‚ĖÖ‚ĖĄ` |
| Perfect Exalted Orb | 32% | 3.81 | 3.61621 | 4.23026 | `‚Ėą‚ĖĀ‚Ėā‚ĖÉ‚ĖĄ‚ĖĄ‚ĖÉ` |
| Orb of Annulment | 28% | 0.6244 | 0.587271 | 0.71973 | `‚Ėą‚ĖÜ‚Ėą‚ĖĄ‚ĖÉ‚ĖĀ‚ĖÉ` |
| Perfect Chaos Orb | 0% | 2.86 | 2.86 | 4.21857 | `‚ĖÜ‚ĖÜ‚ĖÜ‚Ėą‚Ėá‚ĖÖ‚ĖĀ` |

### Unique ‚ÄĒ near 7d low (buy candidates)

| Item | pos | now (div) | low | high | trace |
|---|--:|--:|--:|--:|---|
| Berek's Pass | 0% | 1.21 | 1.21 | 1.83751 | `‚Ėą‚Ėá‚Ėą‚ĖÉ‚ĖÉ‚ĖÖ‚ĖĀ` |
| Berek's Respite | 0% | 1.8 | 1.8 | 2.36035 | `‚Ėą‚ĖÖ‚ĖÉ‚ĖÉ‚ĖÉ‚ĖÉ‚ĖĀ` |
| Bursting Decay | 0% | 6.1 | 6.1 | 12.0008 | `‚Ėą‚ĖÖ‚ĖĄ‚ĖĄ‚Ėā‚Ėā‚ĖĀ` |
| Headhunter | 0% | 134.7 | 134.7 | 179.99 | `‚ĖÜ‚Ėą‚Ėą‚ĖÉ‚Ėā‚Ėā‚ĖĀ` |
| Bitterbloom | 0% | 0.1007 | 0.1007 | 0.1272 | `‚Ėá‚ĖÉ‚ĖĄ‚ĖÖ‚ĖÉ‚Ėą‚ĖĀ` |
| Black Sun Crest | 0% | 0.1007 | 0.1007 | 0.1272 | `‚Ėá‚ĖÉ‚ĖĄ‚ĖÖ‚ĖÉ‚Ėą‚ĖĀ` |
| Bloodbarrier | 0% | 0.08491 | 0.08491 | 0.262635 | `‚Ėą‚Ėā‚Ėā‚Ėā‚Ėā‚ĖÉ‚ĖĀ` |
| Bones of Ullr | 0% | 0.269 | 0.269 | 0.481607 | `‚ĖÉ‚ĖĄ‚ĖÉ‚Ėą‚ĖÖ‚ĖÖ‚ĖĀ` |
| Bristleboar | 0% | 0.1007 | 0.1007 | 0.1272 | `‚Ėá‚ĖÉ‚ĖĄ‚ĖÖ‚ĖÉ‚Ėą‚ĖĀ` |
| Bushwhack | 0% | 0.1007 | 0.1007 | 0.1272 | `‚Ėá‚ĖÉ‚ĖĄ‚ĖÖ‚ĖÉ‚Ėą‚ĖĀ` |
| Coat of Red | 0% | 0.1007 | 0.1007 | 0.1272 | `‚Ėá‚ĖÉ‚ĖĄ‚ĖÖ‚ĖÉ‚Ėą‚ĖĀ` |
| Corpsewade | 0% | 0.1007 | 0.1007 | 0.1272 | `‚Ėá‚ĖÉ‚ĖĄ‚ĖÖ‚ĖÉ‚Ėą‚ĖĀ` |
| Dustbloom | 0% | 0.1007 | 0.1007 | 0.131374 | `‚Ėą‚ĖĄ‚ĖĄ‚ĖÖ‚Ėá‚Ėą‚ĖĀ` |
| Elevore | 0% | 0.1007 | 0.1007 | 0.1272 | `‚Ėá‚ĖÉ‚ĖĄ‚ĖÖ‚ĖÉ‚Ėą‚ĖĀ` |
| Feathered Fortress | 0% | 0.1007 | 0.1007 | 0.1272 | `‚Ėá‚ĖÉ‚ĖĄ‚ĖÖ‚ĖÉ‚Ėą‚ĖĀ` |
| Gamblesprint | 0% | 0.1007 | 0.1007 | 0.1272 | `‚Ėá‚ĖÉ‚ĖĄ‚ĖÖ‚ĖÉ‚Ėą‚ĖĀ` |
| Gravebind | 0% | 0.07387 | 0.07387 | 0.132407 | `‚Ėá‚ĖÜ‚ĖÖ‚ĖĄ‚Ėá‚Ėą‚ĖĀ` |
| Heatshiver | 0% | 0.04246 | 0.04246 | 0.262585 | `‚Ėą‚Ėá‚ĖÉ‚ĖÉ‚ĖĀ‚ĖĀ‚ĖĀ` |
| Kaltenhalt | 0% | 0.1007 | 0.1007 | 0.1272 | `‚Ėá‚ĖÉ‚ĖĄ‚ĖÖ‚ĖÉ‚Ėą‚ĖĀ` |
| Leopold's Applause | 0% | 0.269 | 0.269 | 0.393908 | `‚Ėą‚ĖÖ‚ĖÖ‚ĖÜ‚ĖÜ‚ĖÜ‚ĖĀ` |
| Mahuxotl's Machination | 0% | 0.1817 | 0.1817 | 0.250559 | `‚Ėá‚Ėą‚Ėā‚ĖĄ‚ĖĄ‚ĖĀ‚ĖĀ` |
| Mind of the Council | 0% | 0.1274 | 0.1274 | 0.245661 | `‚Ėą‚Ėá‚ĖĄ‚ĖÉ‚Ėá‚Ėá‚ĖĀ` |
| Pariah's Embrace | 0% | 0.1007 | 0.1007 | 0.1272 | `‚Ėá‚ĖÉ‚ĖĄ‚ĖÖ‚ĖÉ‚Ėą‚ĖĀ` |
| Redflare Conduit | 0% | 0.1007 | 0.1007 | 0.1272 | `‚Ėá‚ĖÉ‚ĖĄ‚ĖÖ‚ĖÉ‚Ėą‚ĖĀ` |
| Sine Aequo | 0% | 4 | 4 | 10.501 | `‚Ėā‚Ėą‚ĖĄ‚ĖĄ‚Ėá‚ĖĀ‚ĖĀ` |

### Unique ‚ÄĒ near 7d high (running hot)

| Item | pos | now (div) | low | high | trace |
|---|--:|--:|--:|--:|---|
| Astramentis | 100% | 2.69 | 1.26203 | 2.69 | `‚ĖĀ‚ĖĀ‚ĖÉ‚ĖÖ‚ĖÜ‚Ėá‚Ėą` |
| Beacon of Azis | 100% | 0.1345 | 0.112298 | 0.1345 | `‚Ėá‚Ėā‚ĖĀ‚ĖĄ‚ĖÉ‚ĖÜ‚Ėą` |
| Blackheart | 100% | 0.1345 | 0.112298 | 0.1345 | `‚Ėá‚Ėā‚ĖĀ‚ĖĄ‚ĖÉ‚ĖÜ‚Ėą` |
| Blistering Bond | 100% | 0.1345 | 0.112298 | 0.1345 | `‚Ėá‚Ėā‚ĖĀ‚ĖĄ‚ĖÉ‚ĖÜ‚Ėą` |
| Carnage Heart | 100% | 0.1345 | 0.112298 | 0.1345 | `‚Ėá‚Ėā‚ĖĀ‚ĖĄ‚ĖÉ‚ĖÜ‚Ėą` |
| Cat O' Nine Tails | 100% | 0.1345 | 0.112298 | 0.1345 | `‚Ėá‚Ėā‚ĖĀ‚ĖĄ‚ĖÉ‚ĖÜ‚Ėą` |
| Coward's Legacy | 100% | 0.1345 | 0.112298 | 0.1345 | `‚Ėá‚Ėā‚ĖĀ‚ĖĄ‚ĖÉ‚ĖÜ‚Ėą` |
| Darkness Enthroned | 100% | 0.1345 | 0.112298 | 0.1345 | `‚Ėá‚Ėā‚ĖĀ‚ĖĄ‚ĖÉ‚ĖÜ‚Ėą` |
| Defiance of Destiny | 100% | 0.6725 | 0.31444 | 0.6725 | `‚ĖÜ‚ĖÉ‚ĖĀ‚Ėá‚ĖÜ‚Ėá‚Ėą` |
| Doedre's Damning | 100% | 0.269 | 0.112285 | 0.269 | `‚Ėą‚ĖĀ‚ĖĀ‚ĖĀ‚ĖÜ‚Ėá‚Ėą` |
| Eventide Petals | 100% | 0.6725 | 0.351612 | 0.6725 | `‚Ėą‚ĖÜ‚ĖÉ‚ĖÉ‚ĖĀ‚ĖÉ‚Ėą` |
| Evergrasping Ring | 100% | 0.1345 | 0.112298 | 0.1345 | `‚Ėá‚Ėā‚ĖĀ‚ĖĄ‚ĖÉ‚ĖÜ‚Ėą` |
| Eye of Chayula | 100% | 0.1345 | 0.0110297 | 0.1345 | `‚ĖĀ‚ĖĀ‚ĖĀ‚ĖĀ‚ĖÜ‚Ėą‚Ėą` |
| Fireflower | 100% | 0.1345 | 0.112298 | 0.1345 | `‚Ėá‚Ėā‚ĖĀ‚ĖĄ‚ĖÉ‚ĖÜ‚Ėą` |
| Fixation of Yix | 100% | 0.1345 | 0.0920981 | 0.1345 | `‚ĖĀ‚ĖÖ‚ĖĄ‚ĖÜ‚ĖÖ‚Ėá‚Ėą` |
| Gifts from Above | 100% | 0.1345 | 0.112298 | 0.1345 | `‚Ėá‚Ėā‚ĖĀ‚ĖĄ‚ĖÉ‚ĖÜ‚Ėą` |
| Glowswarm | 100% | 0.1345 | 0.112298 | 0.1345 | `‚Ėá‚Ėā‚ĖĀ‚ĖĄ‚ĖÉ‚ĖÜ‚Ėą` |
| Goregirdle | 100% | 0.1287 | 0.0585508 | 0.1287 | `‚Ėá‚ĖĀ‚ĖÜ‚ĖĄ‚ĖĄ‚Ėą‚Ėą` |
| Grip of Kulemak | 100% | 0.1345 | 0.112298 | 0.1345 | `‚Ėá‚Ėā‚ĖĀ‚ĖĄ‚ĖÉ‚ĖÜ‚Ėą` |
| Heartbound Loop | 100% | 0.1345 | 0.112298 | 0.1345 | `‚Ėá‚Ėā‚ĖĀ‚ĖĄ‚ĖÉ‚ĖÜ‚Ėą` |
| Hinekora's Sight | 100% | 0.1345 | 0.0110297 | 0.1345 | `‚ĖĀ‚ĖĀ‚ĖĀ‚ĖĀ‚ĖÜ‚Ėą‚Ėą` |
| Idol of Uldurn | 100% | 0.1345 | 0.0491234 | 0.1345 | `‚ĖĀ‚Ėā‚ĖÖ‚ĖĄ‚Ėá‚Ėá‚Ėą` |
| Ingenuity | 100% | 0.4035 | 0.292975 | 0.4035 | `‚Ėá‚Ėā‚ĖĄ‚ĖÖ‚ĖĀ‚Ėá‚Ėą` |
| Levinstone | 100% | 0.1698 | 0.11029 | 0.1698 | `‚ĖÉ‚Ėā‚ĖĀ‚ĖĀ‚ĖĀ‚Ėą‚Ėą` |
| Meginord's Girdle | 100% | 0.1345 | 0.112298 | 0.1345 | `‚Ėá‚Ėā‚ĖĀ‚ĖĄ‚ĖÉ‚ĖÜ‚Ėą` |
