---
type: poe2-signal-brief
league: "HC Runes of Aldur"
league_day: 25
generated: 2026-06-24T00:08:03Z
snapshots: 40
currency_signals: 1
unique_signals: 17
tags: [poe2, market-signal]
---

# PoE2 Signal Brief вҖ” HC Runes of Aldur

> Day 25 В· generated 2026-06-24T00:08:03Z В· 40 snapshot(s) В· 47 currencies / 615 uniques tracked В· values in Divine В· 1 div = 101 ex (live)

Decision-support only. Momentum is run-#1 sparkline z-score; movers are absolute %-change from our own snapshot history.

## Currency momentum (|z| вүҘ 2.0, vol вүҘ 1.0)

| Currency | z | 7d % | value (div) | volume |
|---|--:|--:|--:|--:|
| Greater Chaos Orb | +2.23 | рҹҹў 51.61 | 0.3238 | 60.76 |

## Unique momentum (|z| вүҘ 2.0, listings вүҘ 5)

| Item | Type | z | 7d % | value (div) | listings |
|---|---|--:|--:|--:|--:|
| Tabula Rasa | Armours | +2.35 | рҹҹў 832.5 | 37.3 | 6 |
| Carrion Call | Armours | +2.42 | рҹҹў 789.9 | 0.1172 | 122 |
| Eye of Chayula | Accessories | +2.45 | рҹҹў 708.7 | 0.1065 | 89 |
| The Empty Roar | Weapons | +2.45 | рҹҹў 564.2 | 0.08874 | 126 |
| Hinekora's Sight | Accessories | +2.42 | рҹҹў 304 | 0.0958 | 108 |
| Cornathaum | Armours | +2.32 | рҹҹў 256 | 0.2344 | 37 |
| Andvarius | Accessories | +2.23 | рҹҹў 147.7 | 0.586 | 108 |
| Original Sin | Accessories | +2.04 | рҹҹў 112.3 | 0.7032 | 60 |
| Assailum | Armours | +2.02 | рҹҹў 68.75 | 0.1111 | 54 |
| Death's Harp | Weapons | +2.12 | рҹҹў 25.87 | 0.05045 | 36 |
| Decree of Flight | Armours | -2.45 | рҹ”ҙ -7.18 | 0.9282 | 110 |
| Flesh Crucible | Jewels | -2.36 | рҹ”ҙ -12.57 | 0.8743 | 125 |
| Goldrim | Armours | -2.07 | рҹ”ҙ -23.45 | 0.3985 | 5 |
| Lavianga's Spirits | Flasks | -2.11 | рҹ”ҙ -32.45 | 0.3516 | 237 |
| Olrovasara | Weapons | -2.22 | рҹ”ҙ -35.48 | 2 | 5 |
| Prism Guardian | Armours | -2.04 | рҹ”ҙ -41.4 | 0.586 | 130 |
| Hysseg's Claw | Weapons | -2.18 | рҹ”ҙ -74.09 | 0.1964 | 6 |

## Currency movers (24h)

| Item | % | from | to |
|---|--:|--:|--:|
| Vaal Catalysing Infuser | рҹҹў +41.44 | 0.5775 | 0.8168 |
| Perfect Jeweller's Orb | рҹҹў +27.40 | 1.46 | 1.86 |
| Architect's Orb | рҹҹў +23.18 | 1.51 | 1.86 |
| Ancient Infuser | рҹҹў +20.80 | 0.1572 | 0.1899 |
| Perfect Orb of Augmentation | рҹҹў +18.28 | 0.08598 | 0.1017 |
| Vaal Armourer's Infuser | рҹ”ҙ -17.91 | 0.5834 | 0.4789 |
| Hinekora's Lock | рҹ”ҙ -21.19 | 391.7 | 308.7 |
| Core Destabiliser | рҹ”ҙ -24.07 | 0.4744 | 0.3602 |
| Vaal Blacksmith's Infuser | рҹ”ҙ -37.38 | 0.1215 | 0.07608 |
| Orb of Extraction | рҹ”ҙ -44.49 | 0.2025 | 0.1124 |

## Unique movers (24h)

| Item | % | from | to |
|---|--:|--:|--:|
| Birthright Buckle | рҹҹў +2301.33 | 0.00451 | 0.1083 |
| Double Vision | рҹҹў +1291.35 | 0.00902 | 0.1255 |
| Carrion Call | рҹҹў +962.56 | 0.01103 | 0.1172 |
| Blackgleam | рҹҹў +887.28 | 0.00676 | 0.06674 |
| Eye of Chayula | рҹҹў +865.55 | 0.01103 | 0.1065 |
| Hinekora's Sight | рҹҹў +768.54 | 0.01103 | 0.0958 |
| The Empty Roar | рҹҹў +704.53 | 0.01103 | 0.08874 |
| The Wicked Quill | рҹҹў +586.95 | 0.01578 | 0.1084 |
| Tabula Rasa | рҹҹў +349.40 | 8.3 | 37.3 |
| Periphery | рҹҹў +111.96 | 0.3612 | 0.7656 |
| Cornathaum | рҹҹў +99.66 | 0.1174 | 0.2344 |
| Doedre's Damning | рҹҹў +94.68 | 0.1204 | 0.2344 |
| Serpent's Egg | рҹҹў +94.68 | 0.1204 | 0.2344 |
| Plaguefinger | рҹҹў +94.68 | 0.1204 | 0.2344 |
| Sadist's Mercy | рҹҹў +87.62 | 0.1204 | 0.2259 |
| Quill Rain | рҹҹў +82.96 | 0.05515 | 0.1009 |
| The Anvil | рҹҹў +79.06 | 0.04412 | 0.079 |
| Crown of Thorns | рҹҹў +78.36 | 0.4214 | 0.7516 |
| Ironride | рҹҹў +69.47 | 0.05294 | 0.08972 |
| The Hammer of Faith | рҹ”ҙ -68.91 | 1.99 | 0.6187 |
| Hysseg's Claw | рҹ”ҙ -74.20 | 0.7612 | 0.1964 |

## 7-bucket range position (spread вүҘ 5.0%)

Where today's price sits inside its own decoded ~7-day window. `pos` = 0% at the window low, 100% at the high. Near low = cheap vs recent range; near high = running hot.

### Currency вҖ” near 7d low (buy candidates)

| Item | pos | now (div) | low | high | trace |
|---|--:|--:|--:|--:|---|
| Perfect Exalted Orb | 15% | 3.75 | 3.58042 | 4.71523 | `в–ғв–Ҳв–ғв–Ғв–Ӯв–Ӯв–Ӯ` |
| Perfect Orb of Transmutation | 20% | 0.08701 | 0.0792794 | 0.118612 | `в–Ҳв–Ӯв–„в–…в–Ӯв–Ғв–Ӯ` |
| Perfect Chaos Orb | 21% | 3.75 | 3.54224 | 4.55089 | `в–ғв–Ҳв–ғв–„в–Ғв–Ҷв–Ӯ` |
| Greater Exalted Orb | 24% | 0.08344 | 0.0721839 | 0.118767 | `в–Ҳв–„в–Ғв–Ӯв–Ӯв–Ӯв–ғ` |
| Mirror of Kalandra | 33% | 1150 | 1100 | 1250 | `в–Ҳ   в–Ғ в–ғ` |
| Perfect Orb of Augmentation | 39% | 0.1017 | 0.0741547 | 0.144663 | `в–ғв–Ғв–Үв–Ҳв–Ҷв–Ғв–„` |
| Chaos Orb | 40% | 0.1227 | 0.111813 | 0.13907 | `в–Ҷв–Ҳв–…в–Ӯв–Ғв–„в–„` |
| Vaal Blacksmith's Infuser | 41% | 0.07608 | 0.0552955 | 0.105992 | `в–Үв–Ҳв–Ҷв–ғв–Ғв–Ҷв–„` |
| Orb of Chance | 44% | 0.1046 | 0.0900369 | 0.123219 | `в–ғв–Ҳв–„в–Ғв–ғв–ғв–„` |
| Hinekora's Lock | 60% | 308.7 | 200.225 | 380.055 | `в–Ғв–Ғв–Ӯв–„в–Ҳв–Үв–…` |
| Architect's Orb | 68% | 1.86 | 1.15005 | 2.18934 | `в–Ғв–ғв–…в–Ҷв–Ҳв–„в–Ҷ` |
| Fracturing Orb | 76% | 8.43 | 5.66025 | 9.32084 | `в–ғв–Ғв–Ғв–Ӯв–…в–Ҳв–Ҷ` |
| Perfect Regal Orb | 78% | 0.2908 | 0.216829 | 0.31122 | `в–„в–Ғв–…в–Ҳв–…в–Үв–Ҷ` |
| Core Destabiliser | 78% | 0.3602 | 0.111643 | 0.428539 | `в–Ғв–Ӯв–ғв–…в–…в–Ҳв–Ҷ` |
| Vaal Armourer's Infuser | 89% | 0.4789 | 0.237078 | 0.508818 | `в–Ғв–„в–…в–ғв–Үв–Ҳв–Ү` |
| Vaal Cultivation Orb | 97% | 1.64 | 0.861131 | 1.66214 | `в–Ғв–Ғв–…в–Ӯв–Ҳв–Ҳв–Ҳ` |
| Ancient Infuser | 100% | 0.1899 | 0.062352 | 0.1899 | `в–„в–Ғв–ғв–Ҷв–Ӯв–…в–Ҳ` |
| Orb of Annulment | 100% | 0.609 | 0.472991 | 0.609 | `в–Үв–Ҷв–Ғв–Ҷв–…в–„в–Ҳ` |
| Crystallised Corruption | 100% | 1.37 | 0.495084 | 1.37 | `в–Ғв–Ӯв–Ӯв–…в–…в–Үв–Ҳ` |
| Divine Orb | 100% | 1 | 0.745487 | 1 | `в–Ғв–Ӯв–ғв–„в–„в–Ҷв–Ҳ` |
| Greater Chaos Orb | 100% | 0.3238 | 0.233437 | 0.3238 | `в–Ғв–ғв–Ӯв–Ӯв–Ӯв–„в–Ҳ` |
| Vaal Catalysing Infuser | 100% | 0.8168 | 0.473539 | 0.8168 | `в–Үв–ғв–Ҳв–Ӯв–Ғв–ғв–Ҳ` |

### Currency вҖ” near 7d high (running hot)

| Item | pos | now (div) | low | high | trace |
|---|--:|--:|--:|--:|---|
| Ancient Infuser | 100% | 0.1899 | 0.062352 | 0.1899 | `в–„в–Ғв–ғв–Ҷв–Ӯв–…в–Ҳ` |
| Orb of Annulment | 100% | 0.609 | 0.472991 | 0.609 | `в–Үв–Ҷв–Ғв–Ҷв–…в–„в–Ҳ` |
| Crystallised Corruption | 100% | 1.37 | 0.495084 | 1.37 | `в–Ғв–Ӯв–Ӯв–…в–…в–Үв–Ҳ` |
| Divine Orb | 100% | 1 | 0.745487 | 1 | `в–Ғв–Ӯв–ғв–„в–„в–Ҷв–Ҳ` |
| Greater Chaos Orb | 100% | 0.3238 | 0.233437 | 0.3238 | `в–Ғв–ғв–Ӯв–Ӯв–Ӯв–„в–Ҳ` |
| Vaal Catalysing Infuser | 100% | 0.8168 | 0.473539 | 0.8168 | `в–Үв–ғв–Ҳв–Ӯв–Ғв–ғв–Ҳ` |
| Vaal Cultivation Orb | 97% | 1.64 | 0.861131 | 1.66214 | `в–Ғв–Ғв–…в–Ӯв–Ҳв–Ҳв–Ҳ` |
| Vaal Armourer's Infuser | 89% | 0.4789 | 0.237078 | 0.508818 | `в–Ғв–„в–…в–ғв–Үв–Ҳв–Ү` |
| Core Destabiliser | 78% | 0.3602 | 0.111643 | 0.428539 | `в–Ғв–Ӯв–ғв–…в–…в–Ҳв–Ҷ` |
| Perfect Regal Orb | 78% | 0.2908 | 0.216829 | 0.31122 | `в–„в–Ғв–…в–Ҳв–…в–Үв–Ҷ` |
| Fracturing Orb | 76% | 8.43 | 5.66025 | 9.32084 | `в–ғв–Ғв–Ғв–Ӯв–…в–Ҳв–Ҷ` |
| Architect's Orb | 68% | 1.86 | 1.15005 | 2.18934 | `в–Ғв–ғв–…в–Ҷв–Ҳв–„в–Ҷ` |
| Hinekora's Lock | 60% | 308.7 | 200.225 | 380.055 | `в–Ғв–Ғв–Ӯв–„в–Ҳв–Үв–…` |
| Orb of Chance | 44% | 0.1046 | 0.0900369 | 0.123219 | `в–ғв–Ҳв–„в–Ғв–ғв–ғв–„` |
| Vaal Blacksmith's Infuser | 41% | 0.07608 | 0.0552955 | 0.105992 | `в–Үв–Ҳв–Ҷв–ғв–Ғв–Ҷв–„` |
| Chaos Orb | 40% | 0.1227 | 0.111813 | 0.13907 | `в–Ҷв–Ҳв–…в–Ӯв–Ғв–„в–„` |
| Perfect Orb of Augmentation | 39% | 0.1017 | 0.0741547 | 0.144663 | `в–ғв–Ғв–Үв–Ҳв–Ҷв–Ғв–„` |
| Mirror of Kalandra | 33% | 1150 | 1100 | 1250 | `в–Ҳ   в–Ғ в–ғ` |
| Greater Exalted Orb | 24% | 0.08344 | 0.0721839 | 0.118767 | `в–Ҳв–„в–Ғв–Ӯв–Ӯв–Ӯв–ғ` |
| Perfect Chaos Orb | 21% | 3.75 | 3.54224 | 4.55089 | `в–ғв–Ҳв–ғв–„в–Ғв–Ҷв–Ӯ` |
| Perfect Orb of Transmutation | 20% | 0.08701 | 0.0792794 | 0.118612 | `в–Ҳв–Ӯв–„в–…в–Ӯв–Ғв–Ӯ` |
| Perfect Exalted Orb | 15% | 3.75 | 3.58042 | 4.71523 | `в–ғв–Ҳв–ғв–Ғв–Ӯв–Ӯв–Ӯ` |

### Unique вҖ” near 7d low (buy candidates)

| Item | pos | now (div) | low | high | trace |
|---|--:|--:|--:|--:|---|
| Berek's Grip | 0% | 1.76 | 1.76 | 3.00341 | `в–Ҳв–Ҳв–Үв–„в–…в–„в–Ғ` |
| Berek's Respite | 0% | 2 | 2 | 2.385 | `в–Ғв–Ҳв–Ҳв–ғв–Ғв–Ғв–Ғ` |
| Bursting Decay | 0% | 7 | 7 | 11.9998 | `в–Ҷв–Үв–Ҳв–„в–„в–„в–Ғ` |
| Cracklecreep | 0% | 0.1083 | 0.1083 | 0.132492 | `в–„в–Ҳв–Ҳв–ғв–Ӯв–ғв–Ғ` |
| Eventide Petals | 0% | 0.3516 | 0.3516 | 1 | `в–Ҳв–Ҳв–„в–ғв–Ӯв–Ӯв–Ғ` |
| Headhunter | 0% | 138 | 138 | 180.008 | `в–…в–…в–Ҷв–Үв–Ҳв–ғв–Ғ` |
| Ingenuity | 0% | 0.293 | 0.293 | 0.410754 | `в–…в–Ҳв–Үв–Ғв–„в–…в–Ғ` |
| Ligurium Talisman | 0% | 0.1083 | 0.1083 | 0.132492 | `в–„в–Ҳв–Ҳв–ғв–Ӯв–ғв–Ғ` |
| Snakepit | 0% | 0.3516 | 0.3516 | 0.525223 | `в–Ҷв–ғв–Ҳв–„в–…в–Ғв–Ғ` |
| The Taming | 0% | 11 | 11 | 14.0006 | `в–Ғв–ғв–Ҷв–Ҳв–Ӯв–„в–Ғ` |
| Vigilant View | 0% | 0.051 | 0.051 | 0.0658489 | `в–Ҳв–Ҳв–Ҷв–…в–„в–ғв–Ғ` |
| Zerphi's Genesis | 0% | 0.051 | 0.051 | 0.0658489 | `в–Ҳв–Ҳв–Ҷв–…в–„в–ғв–Ғ` |
| Alpha's Howl | 0% | 1.17 | 1.17 | 1.99657 | `в–„в–Ҳв–Ҳв–ғв–Ғв–Ӯв–Ғ` |
| Asphyxia's Wrath | 0% | 0.4688 | 0.4688 | 0.9853 | `в–Ҷв–Үв–…в–Ӯв–Ӯв–Ҳв–Ғ` |
| Bloodbarrier | 0% | 0.102 | 0.102 | 0.26263 | `в–Ӯв–Ӯв–Ҳв–Ӯв–Ӯв–Ғв–Ғ` |
| Cadiro's Gambit | 0% | 1.35 | 1.35 | 3.71568 | `в–Үв–Ҳв–…в–„в–ғв–Ӯв–Ғ` |
| Cospri's Will | 0% | 0.1172 | 0.1172 | 0.224609 | `в–ғв–Ӯв–Ӯв–Ҳв–Ҳв–Ғв–Ғ` |
| Crown of the Pale King | 0% | 0.0612 | 0.0612 | 0.0761082 | `в–ғв–ғв–Ҷв–…в–…в–Ҳв–Ғ` |
| Decree of Flight | 0% | 0.9282 | 0.9282 | 1 | `в–Ҳв–Ҳв–Ҳв–Ҳв–Ҳв–Ҳв–Ғ` |
| Enfolding Dawn | 0% | 0.204 | 0.204 | 0.813685 | `в–Ҷв–Ҳв–…в–„в–Үв–ғв–Ғ` |
| Essentia Sanguis | 0% | 0.2344 | 0.2344 | 0.781854 | `в–Үв–Ҳв–…в–ғв–Ӯв–ғв–Ғ` |
| Goldrim | 0% | 0.3985 | 0.3985 | 0.583044 | `в–Ҷв–Ҳв–Үв–…в–…в–Ҷв–Ғ` |
| Heatshiver | 0% | 0.05814 | 0.05814 | 0.262636 | `в–Үв–„в–Ҳв–Үв–ғв–ғв–Ғ` |
| Lightning Coil | 0% | 0.051 | 0.051 | 0.0921909 | `в–Ҳв–ғв–ғв–Ғв–Ӯв–Ғв–Ғ` |
| Pragmatism | 0% | 0.1172 | 0.1172 | 0.14254 | `в–Ғв–…в–Ҳв–„в–…в–Ғв–Ғ` |

### Unique вҖ” near 7d high (running hot)

| Item | pos | now (div) | low | high | trace |
|---|--:|--:|--:|--:|---|
| Andvarius | 100% | 0.586 | 0.170666 | 0.586 | `в–Ӯв–ғв–Ғв–Ӯв–Ӯв–„в–Ҳ` |
| Astramentis | 100% | 2.2 | 1.26035 | 2.2 | `в–Ҷв–ғв–Ғв–Ғв–„в–Үв–Ҳ` |
| Eye of Chayula | 100% | 0.1065 | 0.0110293 | 0.1065 | `в–Ғв–Ғв–Ғв–Ғв–Ғв–Ғв–Ҳ` |
| Hinekora's Sight | 100% | 0.0958 | 0.0110312 | 0.0958 | `в–Ӯв–Ғв–Ғв–Ғв–Ғв–Ғв–Ҳ` |
| Idol of Uldurn | 100% | 0.1172 | 0.0395145 | 0.1172 | `в–Ғв–Ӯв–Ӯв–ғв–Ҷв–…в–Ҳ` |
| Original Sin | 100% | 0.7032 | 0.331229 | 0.7032 | `в–Ғв–Ӯв–Ӯв–ғв–Ӯв–…в–Ҳ` |
| Ventor's Gamble | 100% | 0.1406 | 0.112274 | 0.1406 | `в–Ӯв–Ҷв–Ҷв–Ӯв–Ғв–ғв–Ҳ` |
| Yoke of Suffering | 100% | 0.9142 | 0.397504 | 0.9142 | `в–„в–Ғв–ғв–…в–…в–Үв–Ҳ` |
| Assailum | 100% | 0.1111 | 0.0638488 | 0.1111 | `в–Ғв–Ғв–Ғв–ғв–„в–„в–Ҳ` |
| Atziri's Splendour | 100% | 0.7852 | 0.393872 | 0.7852 | `в–…в–Ҷв–Ғв–ғв–Ӯв–ғв–Ҳ` |
| Blackbraid | 100% | 0.586 | 0.348176 | 0.586 | `в–Ӯв–„в–…в–Ғв–Үв–„в–Ҳ` |
| Blackgleam | 100% | 0.06674 | 0.00559019 | 0.06674 | `в–Ӯв–Ғв–Ғв–Ғв–Ҳв–Ғв–Ҳ` |
| Carrion Call | 100% | 0.1172 | 0.0110299 | 0.1172 | `в–Ғв–Ӯв–Ӯв–Ӯв–Ғв–Ғв–Ҳ` |
| Chernobog's Pillar | 100% | 0.4688 | 0.231614 | 0.4688 | `в–…в–Ҷв–Ӯв–Ғв–„в–Ҳв–Ҳ` |
| Cornathaum | 100% | 0.2344 | 0.0585407 | 0.2344 | `в–Ғв–Ғв–Ғв–Ғв–Ӯв–ғв–Ҳ` |
| Eyes of the Runefather | 100% | 0.103 | 0.0368523 | 0.103 | `в–Ғв–Ғв–Ғв–ғв–…в–Ҷв–Ҳ` |
| Goldrim | 100% | 0.5391 | 0.354881 | 0.5391 | `в–Ғв–ғв–Үв–…в–Үв–Ҷв–Ҳ` |
| Hand of Wisdom and Action | 100% | 1 | 0.603318 | 1 | `в–Ғв–Ӯв–…в–ғв–„в–Ҳв–Ҳ` |
| Loreweave | 100% | 9.5 | 2.99975 | 9.5 | `в–Ӯв–ғв–Ӯв–Ғв–Үв–Үв–Ҳ` |
| Maligaro's Virtuosity | 100% | 5 | 4.70013 | 5 | `в–Ғв–ғв–Үв–Ҳв–Ҳв–Ҳв–Ҳ` |
| Morior Invictus | 100% | 2 | 0.936367 | 2 | `в–ғв–…в–Ғв–Ҳв–Ҳв–Ҳв–Ҳ` |
| Perfidy | 100% | 0.7618 | 0.393901 | 0.7618 | `в–…в–…в–Ғв–…в–Ҷв–Үв–Ҳ` |
| Sandstorm Visage | 100% | 1 | 0.6737 | 1 | `в–Ҳв–Ҳв–„в–Ғв–Ҳв–Ҳв–Ҳ` |
| Tabula Rasa | 100% | 37.3 | 4 | 37.3 | `в–Ғв–Ғв–ғв–ғв–Ӯв–Ӯв–Ҳ` |
| The Bringer of Rain | 100% | 0.4688 | 0.262598 | 0.4688 | `в–„в–Ҷв–Ғв–„в–„в–Үв–Ҳ` |
