---
type: poe2-signal-brief
league: "HC Runes of Aldur"
league_day: 24
generated: 2026-06-23T04:16:44Z
snapshots: 33
currency_signals: 1
unique_signals: 3
tags: [poe2, market-signal]
---

# PoE2 Signal Brief ‚ÄĒ HC Runes of Aldur

> Day 24 ¬∑ generated 2026-06-23T04:16:44Z ¬∑ 33 snapshot(s) ¬∑ 47 currencies / 612 uniques tracked ¬∑ values in Divine ¬∑ 1 div = 93 ex (live)

Decision-support only. Momentum is run-#1 sparkline z-score; movers are absolute %-change from our own snapshot history.

## Currency momentum (|z| ‚Č• 2.0, vol ‚Č• 1.0)

| Currency | z | 7d % | value (div) | volume |
|---|--:|--:|--:|--:|
| Core Destabiliser | +2.07 | ūüüĘ 806.2 | 0.6 | 3.1 |

## Unique momentum (|z| ‚Č• 2.0, listings ‚Č• 5)

| Item | Type | z | 7d % | value (div) | listings |
|---|---|--:|--:|--:|--:|
| Carrion Call | Armours | +2.42 | ūüüĘ 861.3 | 0.1266 | 120 |
| Eye of Chayula | Accessories | +2.45 | ūüüĘ 773.4 | 0.115 | 89 |
| Cornathaum | Armours | +2.34 | ūüüĘ 284.5 | 0.2532 | 38 |

## Currency movers (24h)

| Item | % | from | to |
|---|--:|--:|--:|
| Core Destabiliser | ūüüĘ +121.57 | 0.2708 | 0.6 |
| Ancient Infuser | ūüüĘ +76.86 | 0.1076 | 0.1903 |
| Cryptic Key | ūüüĘ +42.05 | 0.1679 | 0.2385 |
| Vaal Catalysing Infuser | ūüüĘ +36.72 | 0.5795 | 0.7923 |
| Vaal Blacksmith's Infuser | ūüüĘ +34.64 | 0.06805 | 0.09162 |
| Perfect Regal Orb | ūüüĘ +24.48 | 0.2786 | 0.3468 |
| Perfect Chaos Orb | ūüüĘ +21.11 | 3.41 | 4.13 |
| Crystallised Corruption | ūüüĘ +19.13 | 1.15 | 1.37 |
| Vaal Armourer's Infuser | ūüĒī -20.52 | 0.6877 | 0.5466 |
| Perfect Orb of Transmutation | ūüĒī -22.85 | 0.09506 | 0.07334 |
| Perfect Jeweller's Orb | ūüĒī -24.19 | 1.86 | 1.41 |
| Perfect Orb of Augmentation | ūüĒī -29.92 | 0.1147 | 0.08038 |

## Unique movers (24h)

| Item | % | from | to |
|---|--:|--:|--:|
| Birthright Buckle | ūüüĘ +1804.74 | 0.00506 | 0.09638 |
| Carrion Call | ūüüĘ +998.01 | 0.01153 | 0.1266 |
| Eye of Chayula | ūüüĘ +897.40 | 0.01153 | 0.115 |
| Double Vision | ūüüĘ +579.76 | 0.01067 | 0.07253 |
| The Wicked Quill | ūüüĘ +340.70 | 0.02187 | 0.09638 |
| Yriel's Fostering | ūüüĘ +266.00 | 0.03459 | 0.1266 |
| Vestige of Darkness | ūüüĘ +238.20 | 0.1123 | 0.3798 |
| Cornathaum | ūüüĘ +192.78 | 0.08648 | 0.2532 |
| The Hammer of Faith | ūüüĘ +158.01 | 0.7364 | 1.9 |
| Decree of Acuity | ūüüĘ +125.47 | 0.1123 | 0.2532 |
| Wanderlust | ūüüĘ +125.47 | 0.1123 | 0.2532 |
| Font of Power | ūüüĘ +114.94 | 0.05048 | 0.1085 |
| Cloak of Flame | ūüüĘ +101.46 | 0.1718 | 0.3461 |
| Defiance of Destiny | ūüüĘ +101.34 | 0.3144 | 0.633 |
| The Black Insignia | ūüüĘ +89.59 | 0.04612 | 0.08744 |
| Olroth's Resolve | ūüüĘ +89.47 | 0.5278 | 1 |
| Chernobog's Pillar | ūüüĘ +87.89 | 0.3369 | 0.633 |
| Heart of the Well | ūüüĘ +87.89 | 0.3369 | 0.633 |
| Jarngreipr | ūüüĘ +87.06 | 0.06768 | 0.1266 |

## 7-bucket range position (spread ‚Č• 5.0%)

Where today's price sits inside its own decoded ~7-day window. `pos` = 0% at the window low, 100% at the high. Near low = cheap vs recent range; near high = running hot.

### Currency ‚ÄĒ near 7d low (buy candidates)

| Item | pos | now (div) | low | high | trace |
|---|--:|--:|--:|--:|---|
| Perfect Orb of Augmentation | 0% | 0.08038 | 0.08038 | 0.159893 | `‚ĖÉ‚ĖÉ‚ĖÉ‚Ėą‚Ėą‚ĖĄ‚ĖĀ` |
| Perfect Orb of Transmutation | 0% | 0.07334 | 0.07334 | 0.13001 | `‚Ėą‚Ėą‚ĖÉ‚ĖÜ‚ĖÖ‚ĖÉ‚ĖĀ` |
| Perfect Exalted Orb | 16% | 3.73 | 3.57048 | 4.56522 | `‚ĖÖ‚Ėā‚Ėą‚ĖĀ‚ĖĀ‚ĖÉ‚Ėā` |
| Greater Exalted Orb | 25% | 0.09277 | 0.0753204 | 0.14481 | `‚Ėą‚ĖÜ‚ĖÉ‚ĖĀ‚Ėā‚Ėā‚ĖÉ` |
| Orb of Annulment | 46% | 0.5526 | 0.487479 | 0.627583 | `‚ĖĄ‚Ėą‚Ėá‚ĖĀ‚Ėá‚ĖÜ‚ĖĄ` |
| Chaos Orb | 47% | 0.1235 | 0.112392 | 0.135926 | `‚ĖĀ‚Ėą‚Ėą‚ĖĄ‚ĖĀ‚Ėā‚ĖĄ` |
| Orb of Chance | 51% | 0.113 | 0.101649 | 0.124088 | `‚ĖÖ‚ĖÜ‚Ėą‚ĖÖ‚ĖĀ‚ĖĄ‚ĖÖ` |
| Perfect Jeweller's Orb | 54% | 1.41 | 1.24977 | 1.54434 | `‚Ėā‚ĖĀ‚Ėā‚ĖÉ‚ĖÜ‚Ėą‚ĖÖ` |
| Mirror of Kalandra | 62% | 1100 | 859.98 | 1249.98 | `‚ĖĀ‚ĖĄ‚Ėą   ‚ĖÖ` |
| Hinekora's Lock | 68% | 321 | 194.801 | 379.999 | `‚Ėā‚ĖĀ‚Ėā‚Ėā‚ĖĄ‚Ėą‚ĖÜ` |
| Vaal Catalysing Infuser | 73% | 0.7923 | 0.487863 | 0.903881 | `‚Ėą‚Ėá‚ĖÖ‚Ėá‚ĖÉ‚ĖĀ‚ĖÜ` |
| Architect's Orb | 79% | 1.43 | 0.669269 | 1.63009 | `‚Ėā‚ĖĀ‚Ėā‚ĖĄ‚Ėá‚Ėą‚Ėá` |
| Perfect Regal Orb | 80% | 0.3468 | 0.23384 | 0.374534 | `‚Ėą‚ĖĄ‚ĖĀ‚ĖÜ‚ĖÖ‚ĖÉ‚Ėá` |
| Perfect Chaos Orb | 81% | 4.13 | 3.40847 | 4.29387 | `‚ĖĀ‚Ėá‚Ėą‚ĖÖ‚ĖÖ‚ĖÉ‚Ėá` |
| Vaal Armourer's Infuser | 86% | 0.5466 | 0.237442 | 0.598028 | `‚ĖĀ‚ĖĀ‚ĖÖ‚ĖĄ‚ĖÉ‚Ėą‚Ėá` |
| Vaal Cultivation Orb | 99% | 1.24 | 0.498392 | 1.24658 | `‚Ėā‚ĖĀ‚Ėā‚ĖÉ‚ĖÖ‚Ėą‚Ėą` |
| Core Destabiliser | 100% | 0.6 | 0.0856765 | 0.6 | `‚ĖĀ‚Ėā‚Ėā‚ĖÉ‚ĖĄ‚ĖĄ‚Ėą` |
| Crystallised Corruption | 100% | 1.37 | 0.542877 | 1.37 | `‚ĖĀ‚ĖĀ‚Ėā‚Ėā‚ĖÜ‚ĖÖ‚Ėą` |
| Divine Orb | 100% | 1 | 0.806809 | 1 | `‚Ėā‚ĖĀ‚ĖÉ‚ĖĄ‚ĖÖ‚ĖÜ‚Ėą` |
| Fracturing Orb | 100% | 9.36 | 5.66483 | 9.36 | `‚ĖÉ‚Ėā‚ĖĀ‚ĖĀ‚Ėā‚Ėá‚Ėą` |
| Greater Chaos Orb | 100% | 0.3072 | 0.223525 | 0.3072 | `‚ĖĀ‚ĖĄ‚ĖÜ‚ĖÖ‚ĖÖ‚ĖÜ‚Ėą` |

### Currency ‚ÄĒ near 7d high (running hot)

| Item | pos | now (div) | low | high | trace |
|---|--:|--:|--:|--:|---|
| Core Destabiliser | 100% | 0.6 | 0.0856765 | 0.6 | `‚ĖĀ‚Ėā‚Ėā‚ĖÉ‚ĖĄ‚ĖĄ‚Ėą` |
| Crystallised Corruption | 100% | 1.37 | 0.542877 | 1.37 | `‚ĖĀ‚ĖĀ‚Ėā‚Ėā‚ĖÜ‚ĖÖ‚Ėą` |
| Divine Orb | 100% | 1 | 0.806809 | 1 | `‚Ėā‚ĖĀ‚ĖÉ‚ĖĄ‚ĖÖ‚ĖÜ‚Ėą` |
| Fracturing Orb | 100% | 9.36 | 5.66483 | 9.36 | `‚ĖÉ‚Ėā‚ĖĀ‚ĖĀ‚Ėā‚Ėá‚Ėą` |
| Greater Chaos Orb | 100% | 0.3072 | 0.223525 | 0.3072 | `‚ĖĀ‚ĖĄ‚ĖÜ‚ĖÖ‚ĖÖ‚ĖÜ‚Ėą` |
| Vaal Cultivation Orb | 99% | 1.24 | 0.498392 | 1.24658 | `‚Ėā‚ĖĀ‚Ėā‚ĖÉ‚ĖÖ‚Ėą‚Ėą` |
| Vaal Armourer's Infuser | 86% | 0.5466 | 0.237442 | 0.598028 | `‚ĖĀ‚ĖĀ‚ĖÖ‚ĖĄ‚ĖÉ‚Ėą‚Ėá` |
| Perfect Chaos Orb | 81% | 4.13 | 3.40847 | 4.29387 | `‚ĖĀ‚Ėá‚Ėą‚ĖÖ‚ĖÖ‚ĖÉ‚Ėá` |
| Perfect Regal Orb | 80% | 0.3468 | 0.23384 | 0.374534 | `‚Ėą‚ĖĄ‚ĖĀ‚ĖÜ‚ĖÖ‚ĖÉ‚Ėá` |
| Architect's Orb | 79% | 1.43 | 0.669269 | 1.63009 | `‚Ėā‚ĖĀ‚Ėā‚ĖĄ‚Ėá‚Ėą‚Ėá` |
| Vaal Catalysing Infuser | 73% | 0.7923 | 0.487863 | 0.903881 | `‚Ėą‚Ėá‚ĖÖ‚Ėá‚ĖÉ‚ĖĀ‚ĖÜ` |
| Hinekora's Lock | 68% | 321 | 194.801 | 379.999 | `‚Ėā‚ĖĀ‚Ėā‚Ėā‚ĖĄ‚Ėą‚ĖÜ` |
| Mirror of Kalandra | 62% | 1100 | 859.98 | 1249.98 | `‚ĖĀ‚ĖĄ‚Ėą   ‚ĖÖ` |
| Perfect Jeweller's Orb | 54% | 1.41 | 1.24977 | 1.54434 | `‚Ėā‚ĖĀ‚Ėā‚ĖÉ‚ĖÜ‚Ėą‚ĖÖ` |
| Orb of Chance | 51% | 0.113 | 0.101649 | 0.124088 | `‚ĖÖ‚ĖÜ‚Ėą‚ĖÖ‚ĖĀ‚ĖĄ‚ĖÖ` |
| Chaos Orb | 47% | 0.1235 | 0.112392 | 0.135926 | `‚ĖĀ‚Ėą‚Ėą‚ĖĄ‚ĖĀ‚Ėā‚ĖĄ` |
| Orb of Annulment | 46% | 0.5526 | 0.487479 | 0.627583 | `‚ĖĄ‚Ėą‚Ėá‚ĖĀ‚Ėá‚ĖÜ‚ĖĄ` |
| Greater Exalted Orb | 25% | 0.09277 | 0.0753204 | 0.14481 | `‚Ėą‚ĖÜ‚ĖÉ‚ĖĀ‚Ėā‚Ėā‚ĖÉ` |
| Perfect Exalted Orb | 16% | 3.73 | 3.57048 | 4.56522 | `‚ĖÖ‚Ėā‚Ėą‚ĖĀ‚ĖĀ‚ĖÉ‚Ėā` |
| Perfect Orb of Augmentation | 0% | 0.08038 | 0.08038 | 0.159893 | `‚ĖÉ‚ĖÉ‚ĖÉ‚Ėą‚Ėą‚ĖĄ‚ĖĀ` |
| Perfect Orb of Transmutation | 0% | 0.07334 | 0.07334 | 0.13001 | `‚Ėą‚Ėą‚ĖÉ‚ĖÜ‚ĖÖ‚ĖÉ‚ĖĀ` |

### Unique ‚ÄĒ near 7d low (buy candidates)

| Item | pos | now (div) | low | high | trace |
|---|--:|--:|--:|--:|---|
| Berek's Respite | 0% | 2 | 2 | 2.385 | `‚ĖĀ‚Ėą‚Ėą‚ĖÉ‚ĖĀ‚ĖĀ‚ĖĀ` |
| Bursting Decay | 0% | 8 | 8 | 12.0005 | `‚ĖÜ‚ĖÜ‚Ėą‚ĖÉ‚ĖÉ‚ĖÉ‚ĖĀ` |
| Death Rush | 0% | 0.09638 | 0.09638 | 0.132492 | `‚ĖĄ‚Ėą‚ĖÜ‚ĖÉ‚ĖĄ‚ĖÖ‚ĖĀ` |
| Headhunter | 0% | 146 | 146 | 179.994 | `‚ĖĄ‚ĖÖ‚ĖÖ‚Ėá‚Ėą‚Ėā‚ĖĀ` |
| Icefang Orbit | 0% | 0.09638 | 0.09638 | 0.154291 | `‚ĖÉ‚Ėą‚ĖĄ‚Ėā‚ĖÉ‚ĖÉ‚ĖĀ` |
| Levinstone | 0% | 0.1093 | 0.1093 | 0.131298 | `‚ĖÉ‚Ėą‚Ėą‚ĖÉ‚Ėā‚ĖĀ‚ĖĀ` |
| Ligurium Talisman | 0% | 0.09638 | 0.09638 | 0.132497 | `‚ĖÖ‚Ėą‚Ėą‚ĖÖ‚ĖĄ‚ĖÖ‚ĖĀ` |
| Midnight Braid | 0% | 0.09638 | 0.09638 | 0.154291 | `‚ĖÉ‚Ėą‚ĖĄ‚Ėā‚ĖĄ‚ĖÉ‚ĖĀ` |
| Ming's Heart | 0% | 0.09638 | 0.09638 | 0.132492 | `‚ĖĄ‚Ėą‚ĖÜ‚ĖÉ‚ĖĄ‚ĖÖ‚ĖĀ` |
| Prized Pain | 0% | 0.08744 | 0.08744 | 0.263202 | `‚Ėā‚Ėą‚Ėá‚Ėā‚Ėā‚Ėā‚ĖĀ` |
| Revered Resin | 0% | 0.09638 | 0.09638 | 0.132497 | `‚ĖÖ‚Ėą‚ĖÜ‚ĖÉ‚ĖĄ‚ĖÖ‚ĖĀ` |
| Rondel of Fragility | 0% | 0.09638 | 0.09638 | 0.132497 | `‚ĖÖ‚Ėą‚Ėá‚ĖÉ‚ĖĄ‚ĖÖ‚ĖĀ` |
| Soul Tether | 0% | 0.09638 | 0.09638 | 0.132497 | `‚ĖÖ‚Ėą‚ĖÜ‚ĖÉ‚ĖĄ‚ĖÖ‚ĖĀ` |
| The Burrower | 0% | 0.09638 | 0.09638 | 0.132492 | `‚ĖĄ‚Ėą‚ĖÜ‚ĖÉ‚ĖĄ‚ĖÖ‚ĖĀ` |
| Venopuncture | 0% | 0.09638 | 0.09638 | 0.132497 | `‚ĖÖ‚Ėą‚Ėá‚ĖÉ‚ĖĄ‚ĖÖ‚ĖĀ` |
| Vigilant View | 0% | 0.05465 | 0.05465 | 0.0658513 | `‚Ėą‚Ėą‚ĖÖ‚ĖÉ‚ĖÉ‚ĖĀ‚ĖĀ` |
| Whisper of the Brotherhood | 0% | 0.09638 | 0.09638 | 0.132492 | `‚ĖĄ‚Ėą‚ĖÜ‚ĖÉ‚ĖĄ‚ĖÖ‚ĖĀ` |
| Zerphi's Genesis | 0% | 0.05465 | 0.05465 | 0.0658513 | `‚Ėą‚Ėą‚ĖÖ‚ĖÉ‚ĖÉ‚ĖĀ‚ĖĀ` |
| Assailum | 0% | 0.06339 | 0.06339 | 0.0871431 | `‚Ėā‚Ėā‚ĖĀ‚ĖÜ‚Ėá‚Ėą‚ĖĀ` |
| Bitterbloom | 0% | 0.09638 | 0.09638 | 0.132492 | `‚ĖĄ‚Ėą‚ĖÜ‚ĖÉ‚ĖĄ‚ĖÖ‚ĖĀ` |
| Black Sun Crest | 0% | 0.09638 | 0.09638 | 0.132492 | `‚ĖĄ‚Ėą‚ĖÜ‚ĖÉ‚ĖĄ‚ĖÖ‚ĖĀ` |
| Bloodbarrier | 0% | 0.1093 | 0.1093 | 0.262632 | `‚ĖĀ‚Ėā‚Ėą‚ĖĀ‚ĖĀ‚ĖĀ‚ĖĀ` |
| Bristleboar | 0% | 0.09638 | 0.09638 | 0.132492 | `‚ĖĄ‚Ėą‚ĖÜ‚ĖÉ‚ĖĄ‚ĖÖ‚ĖĀ` |
| Bushwhack | 0% | 0.09638 | 0.09638 | 0.132497 | `‚ĖÖ‚Ėą‚ĖÜ‚ĖÉ‚ĖĄ‚ĖÖ‚ĖĀ` |
| Cadiro's Gambit | 0% | 1.47 | 1.47 | 3.71329 | `‚Ėá‚Ėą‚ĖÖ‚ĖĄ‚ĖÉ‚Ėā‚ĖĀ` |

### Unique ‚ÄĒ near 7d high (running hot)

| Item | pos | now (div) | low | high | trace |
|---|--:|--:|--:|--:|---|
| Andvarius | 100% | 0.3798 | 0.170688 | 0.3798 | `‚ĖÉ‚ĖĄ‚ĖĀ‚ĖÉ‚ĖÉ‚Ėá‚Ėą` |
| Astramentis | 100% | 2.28 | 1.26293 | 2.28 | `‚ĖÜ‚ĖÉ‚ĖĀ‚ĖĀ‚ĖĄ‚Ėá‚Ėą` |
| Eye of Chayula | 100% | 0.115 | 0.0110273 | 0.115 | `‚ĖĀ‚ĖĀ‚ĖĀ‚ĖĀ‚ĖĀ‚ĖĀ‚Ėą` |
| Fixation of Yix | 100% | 0.1266 | 0.0651503 | 0.1266 | `‚ĖĀ‚ĖĀ‚ĖĄ‚Ėá‚ĖÜ‚Ėá‚Ėą` |
| Original Sin | 100% | 0.633 | 0.33124 | 0.633 | `‚ĖĀ‚Ėā‚Ėā‚ĖĄ‚Ėā‚ĖÜ‚Ėą` |
| Perandus Seal | 100% | 0.1266 | 0.0526841 | 0.1266 | `‚ĖĀ‚Ėā‚Ėā‚ĖÉ‚ĖĄ‚Ėá‚Ėą` |
| Ungil's Harmony | 100% | 0.1266 | 0.0385545 | 0.1266 | `‚Ėā‚ĖĀ‚Ėā‚Ėá‚Ėá‚Ėą‚Ėą` |
| Yoke of Suffering | 100% | 1 | 0.397492 | 1 | `‚ĖÉ‚ĖĀ‚Ėā‚ĖĄ‚ĖĄ‚ĖÜ‚Ėą` |
| Alkem Eira | 100% | 0.1266 | 0.0117092 | 0.1266 | `‚ĖĀ‚ĖĀ‚ĖĀ‚ĖĀ‚Ėá‚Ėą‚Ėą` |
| Apron of Emiran | 100% | 0.1266 | 0.0117092 | 0.1266 | `‚ĖĀ‚ĖĀ‚ĖĀ‚ĖĀ‚Ėá‚Ėą‚Ėą` |
| Atsak's Sight | 100% | 0.1266 | 0.0245613 | 0.1266 | `‚ĖĀ‚ĖĀ‚ĖĀ‚Ėā‚Ėá‚Ėą‚Ėą` |
| Atziri's Step | 100% | 0.3798 | 0.0920985 | 0.3798 | `‚Ėā‚ĖĀ‚Ėā‚Ėā‚Ėá‚Ėą‚Ėą` |
| Blueflame Bracers | 100% | 0.1266 | 0.0117092 | 0.1266 | `‚ĖĀ‚ĖĀ‚ĖĀ‚ĖĀ‚Ėá‚Ėą‚Ėą` |
| Bones of Ullr | 100% | 0.5064 | 0.328243 | 0.5064 | `‚Ėā‚ĖĄ‚ĖĀ‚Ėā‚ĖĀ‚Ėá‚Ėą` |
| Bones of Ullr | 100% | 0.9633 | 0.683206 | 0.9633 | `‚Ėā‚ĖÖ‚ĖĄ‚ĖĀ‚Ėą‚Ėá‚Ėą` |
| Briarpatch | 100% | 0.1266 | 0.0491231 | 0.1266 | `‚ĖÜ‚ĖĀ‚ĖĀ‚Ėá‚ĖÜ‚Ėá‚Ėą` |
| Carrion Call | 100% | 0.1266 | 0.0110296 | 0.1266 | `‚ĖĀ‚Ėā‚Ėā‚Ėā‚ĖĀ‚ĖĀ‚Ėą` |
| Chernobog's Pillar | 100% | 0.633 | 0.231608 | 0.633 | `‚ĖÉ‚ĖĄ‚Ėā‚ĖĀ‚ĖÉ‚ĖÖ‚Ėą` |
| Cornathaum | 100% | 0.2532 | 0.0585488 | 0.2532 | `‚ĖĀ‚ĖĀ‚ĖĀ‚ĖĀ‚Ėā‚ĖÉ‚Ėą` |
| Couture of Crimson | 100% | 0.1266 | 0.0351311 | 0.1266 | `‚ĖĀ‚ĖĀ‚ĖÜ‚ĖĀ‚Ėá‚Ėą‚Ėą` |
| Crown of the Pale King | 100% | 0.07651 | 0.065151 | 0.07651 | `‚ĖĀ‚ĖĀ‚ĖÖ‚ĖĄ‚ĖÉ‚Ėą‚Ėą` |
| Decree of Acuity | 100% | 0.2532 | 0.0763801 | 0.2532 | `‚ĖĀ‚ĖÉ‚ĖÉ‚Ėá‚Ėā‚Ėą‚Ėą` |
| Enfolding Dawn | 100% | 0.9219 | 0.347151 | 0.9219 | `‚ĖĄ‚Ėá‚ĖĄ‚Ėā‚ĖÜ‚ĖĀ‚Ėą` |
| Eyes of the Runefather | 100% | 0.1109 | 0.0368245 | 0.1109 | `‚ĖĀ‚ĖĀ‚ĖĀ‚ĖÉ‚ĖĄ‚ĖÖ‚Ėą` |
| Foxshade | 100% | 0.1266 | 0.061397 | 0.1266 | `‚ĖĀ‚Ėá‚ĖĀ‚Ėā‚ĖÜ‚Ėá‚Ėą` |
