---
type: poe2-signal-brief
league: "HC Runes of Aldur"
league_day: 23
generated: 2026-06-22T19:14:54Z
snapshots: 30
currency_signals: 2
unique_signals: 1
tags: [poe2, market-signal]
---

# PoE2 Signal Brief вҖ” HC Runes of Aldur

> Day 23 В· generated 2026-06-22T19:14:54Z В· 30 snapshot(s) В· 47 currencies / 607 uniques tracked

Decision-support only. Momentum is run-#1 sparkline z-score; movers are absolute %-change from our own snapshot history.

## Currency momentum (|z| вүҘ 2.0, vol вүҘ 1.0)

| Currency | z | 7d % | value (ex) | volume |
|---|--:|--:|--:|--:|
| Hinekora's Lock | +2.06 | рҹҹў 59.38 | 391.7 | 195.8 |
| Fracturing Orb | +2.11 | рҹҹў 38.42 | 9.3 | 271.3 |

## Unique momentum (|z| вүҘ 2.0, listings вүҘ 5)

| Item | Type | z | 7d % | value (ex) | listings |
|---|---|--:|--:|--:|--:|
| The Ordained | Weapons | +2.00 | рҹҹў 37.36 | 50 | 14 |

## Currency movers (24h)

| Item | % | from | to |
|---|--:|--:|--:|
| Fracturing Orb | рҹҹў +35.17 | 6.88 | 9.3 |
| Hinekora's Lock | рҹҹў +22.41 | 320 | 391.7 |

## Unique movers (24h)

| Item | % | from | to |
|---|--:|--:|--:|
| Loreweave | рҹҹў +82.00 | 5 | 9.1 |

## 7-bucket range position (spread вүҘ 5.0%)

Where today's price sits inside its own decoded ~7-day window. `pos` = 0% at the window low, 100% at the high. Near low = cheap vs recent range; near high = running hot.

### Currency вҖ” near 7d low (buy candidates)

| Item | pos | now (ex) | low | high | trace |
|---|--:|--:|--:|--:|---|
| Mirror of Kalandra | 62% | 1100 | 859.98 | 1249.98 | `в–Ғв–„в–Ҳ   в–…` |
| Fracturing Orb | 100% | 9.3 | 5.62958 | 9.3 | `в–ғв–ғв–Ӯв–Ғв–Ӯв–…в–Ҳ` |
| Hinekora's Lock | 100% | 391.7 | 185.823 | 391.7 | `в–ғв–Ғв–Ӯв–Ӯв–„ в–Ҳ` |

### Currency вҖ” near 7d high (running hot)

| Item | pos | now (ex) | low | high | trace |
|---|--:|--:|--:|--:|---|
| Fracturing Orb | 100% | 9.3 | 5.62958 | 9.3 | `в–ғв–ғв–Ӯв–Ғв–Ӯв–…в–Ҳ` |
| Hinekora's Lock | 100% | 391.7 | 185.823 | 391.7 | `в–ғв–Ғв–Ӯв–Ӯв–„ в–Ҳ` |
| Mirror of Kalandra | 62% | 1100 | 859.98 | 1249.98 | `в–Ғв–„в–Ҳ   в–…` |

### Unique вҖ” near 7d low (buy candidates)

| Item | pos | now (ex) | low | high | trace |
|---|--:|--:|--:|--:|---|
| Bursting Decay | 0% | 9 | 9 | 15.4004 | `в–Ҳв–ғв–ғв–„в–Ғв–Ғв–Ғ` |
| The Adorned | 0% | 27 | 27 | 150 | `в–Ҳв–Ӯв–Ӯв–Ғв–Ғв–Ғв–Ғ` |
| Voices | 0% | 300 | 300 | 699.953 | `в–Ҳв–Үв–Ҷв–ғв–ғв–Ғв–Ғ` |
| Sylvan's Effigy | 0% | 11 | 11 | 17.7994 | `в–Ҳв–Үв–„в–ғв–„в–„в–Ғ` |
| Headhunter | 8% | 161.6 | 159.911 | 180.016 | `в–ғв–Ғв–ғв–ғв–Үв–Ҳв–Ӯ` |
| Runeseeker's Call | 11% | 442 | 369.995 | 998.902 | `в–Ғв–Ғв–Ҳв–„в–Ғв–Ғв–Ӯ` |
| Grand Spectrum | 19% | 12.6 | 10 | 24 | `в–Ғв–Ҳв–…в–ғв–ғв–ғв–Ӯ` |
| Kalandra's Touch | 23% | 49 | 36.7993 | 90.9973 | `в–Ӯв–Ӯв–Ҳв–Ӯв–Ғв–Ғв–ғ` |
| Rite of Passage | 39% | 35 | 26.8019 | 47.9979 | `в–Үв–…в–„в–ғв–Ғв–Ҳв–„` |
| Sine Aequo | 54% | 6.8 | 2.4 | 10.5 | `в–ғв–Ғв–ғв–ғв–Ҳв–…в–…` |
| Tabula Rasa | 55% | 8.7 | 4 | 12.6 | `в–Ӯв–Ғв–Ӯв–Ҳв–Ҳв–…в–…` |
| Mageblood | 63% | 625 | 499.002 | 700 | `в–Ғв–ғв–…в–Үв–Ҳв–Үв–…` |
| Grand Spectrum | 67% | 6 | 4 | 7.00035 | `в–Ҳв–ғв–Ғв–Ғв–Ғв–Ҷв–Ҷ` |
| Safrin's Resolve | 75% | 5.6 | 0.735339 | 7.19979 | `в–…в–ғв–ғв–Ғв–Ҳв–Ҷв–Ҷ` |
| Grand Spectrum | 76% | 18.2 | 8 | 21.4 | `в–Ғв–Ғв–Ӯв–„в–„в–Ҳв–Ҷ` |
| The Taming | 80% | 13.4 | 10.9998 | 13.9995 | `в–Ғв–Ғв–ғв–Ҷв–Ҳв–Ӯв–Ү` |
| Sacred Flame | 98% | 30.6 | 21.5006 | 30.7994 | `в–Ҷв–…в–…в–Ғв–Ҷв–Ҳв–Ҳ` |
| Loreweave | 100% | 9.1 | 3.00033 | 9.1 | `в–Ғв–Ӯв–ғв–Ӯв–Ғв–Үв–Ҳ` |
| The Ordained | 100% | 50 | 30.0015 | 50 | `в–ғв–…в–Ғв–ғв–ғв–…в–Ҳ` |

### Unique вҖ” near 7d high (running hot)

| Item | pos | now (ex) | low | high | trace |
|---|--:|--:|--:|--:|---|
| Loreweave | 100% | 9.1 | 3.00033 | 9.1 | `в–Ғв–Ӯв–ғв–Ӯв–Ғв–Үв–Ҳ` |
| The Ordained | 100% | 50 | 30.0015 | 50 | `в–ғв–…в–Ғв–ғв–ғв–…в–Ҳ` |
| Sacred Flame | 98% | 30.6 | 21.5006 | 30.7994 | `в–Ҷв–…в–…в–Ғв–Ҷв–Ҳв–Ҳ` |
| The Taming | 80% | 13.4 | 10.9998 | 13.9995 | `в–Ғв–Ғв–ғв–Ҷв–Ҳв–Ӯв–Ү` |
| Grand Spectrum | 76% | 18.2 | 8 | 21.4 | `в–Ғв–Ғв–Ӯв–„в–„в–Ҳв–Ҷ` |
| Safrin's Resolve | 75% | 5.6 | 0.735339 | 7.19979 | `в–…в–ғв–ғв–Ғв–Ҳв–Ҷв–Ҷ` |
| Grand Spectrum | 67% | 6 | 4 | 7.00035 | `в–Ҳв–ғв–Ғв–Ғв–Ғв–Ҷв–Ҷ` |
| Mageblood | 63% | 625 | 499.002 | 700 | `в–Ғв–ғв–…в–Үв–Ҳв–Үв–…` |
| Tabula Rasa | 55% | 8.7 | 4 | 12.6 | `в–Ӯв–Ғв–Ӯв–Ҳв–Ҳв–…в–…` |
| Sine Aequo | 54% | 6.8 | 2.4 | 10.5 | `в–ғв–Ғв–ғв–ғв–Ҳв–…в–…` |
| Rite of Passage | 39% | 35 | 26.8019 | 47.9979 | `в–Үв–…в–„в–ғв–Ғв–Ҳв–„` |
| Kalandra's Touch | 23% | 49 | 36.7993 | 90.9973 | `в–Ӯв–Ӯв–Ҳв–Ӯв–Ғв–Ғв–ғ` |
| Grand Spectrum | 19% | 12.6 | 10 | 24 | `в–Ғв–Ҳв–…в–ғв–ғв–ғв–Ӯ` |
| Runeseeker's Call | 11% | 442 | 369.995 | 998.902 | `в–Ғв–Ғв–Ҳв–„в–Ғв–Ғв–Ӯ` |
| Headhunter | 8% | 161.6 | 159.911 | 180.016 | `в–ғв–Ғв–ғв–ғв–Үв–Ҳв–Ӯ` |
| Bursting Decay | 0% | 9 | 9 | 15.4004 | `в–Ҳв–ғв–ғв–„в–Ғв–Ғв–Ғ` |
| The Adorned | 0% | 27 | 27 | 150 | `в–Ҳв–Ӯв–Ӯв–Ғв–Ғв–Ғв–Ғ` |
| Voices | 0% | 300 | 300 | 699.953 | `в–Ҳв–Үв–Ҷв–ғв–ғв–Ғв–Ғ` |
| Sylvan's Effigy | 0% | 11 | 11 | 17.7994 | `в–Ҳв–Үв–„в–ғв–„в–„в–Ғ` |
