---
type: poe2-signal-brief
league: "HC Runes of Aldur"
league_day: 27
generated: 2026-06-25T20:19:12Z
snapshots: 54
currency_signals: 5
unique_signals: 20
tags: [poe2, market-signal]
---

# PoE2 Signal Brief — HC Runes of Aldur

> Day 27 · generated 2026-06-25T20:19:12Z · 54 snapshot(s) · 47 currencies / 622 uniques tracked · values in Divine · 1 div = 124 ex (live)

Decision-support only. Momentum is run-#1 sparkline z-score; movers are absolute %-change from our own snapshot history.

## Currency momentum (|z| ≥ 2.0, vol ≥ 1.0)

| Currency | z | 7d % | value (div) | volume |
|---|--:|--:|--:|--:|
| Vaal Blacksmith's Infuser | +2.32 | 🟢 331 | 0.3255 | 4.99 |
| Perfect Orb of Augmentation | +2.13 | 🟢 241.1 | 0.1758 | 12.95 |
| Crystallised Corruption | +2.02 | 🟢 206.2 | 2.3 | 24.5 |
| Perfect Regal Orb | +2.04 | 🟢 87.82 | 0.2845 | 7.45 |
| Perfect Chaos Orb | -2.04 | 🔴 -46.55 | 2.86 | 83 |

## Unique momentum (|z| ≥ 2.0, listings ≥ 5)

| Item | Type | z | 7d % | value (div) | listings |
|---|---|--:|--:|--:|--:|
| Brain Rattler | Weapons | +2.29 | 🟢 403.3 | 0.1236 | 41 |
| Spiteful Floret | Weapons | +2.42 | 🟢 384.3 | 0.07056 | 392 |
| Morior Invictus | Armours | +2.22 | 🟢 327.2 | 4 | 68 |
| Reverie | Armours | +2.42 | 🟢 318.7 | 0.9665 | 56 |
| Sadist's Mercy | Weapons | +2.36 | 🟢 278.8 | 0.4974 | 194 |
| Tidebreaker | Weapons | +2.32 | 🟢 156.3 | 0.1196 | 90 |
| Svalinn | Armours | +2.37 | 🟢 149.2 | 0.6545 | 91 |
| The Pandemonius | Accessories | +2.29 | 🟢 126.8 | 0.1309 | 96 |
| Shavronne's Satchel | Accessories | +2.31 | 🟢 113.6 | 0.3927 | 162 |
| Redblade Banner | Armours | +2.07 | 🟢 101.1 | 0.1309 | 25 |
| Levinstone | Accessories | +2.25 | 🟢 90.99 | 0.2508 | 44 |
| Ventor's Gamble | Accessories | +2.31 | 🟢 49.54 | 0.1964 | 2109 |
| Adonia's Ego | Weapons | +2.27 | 🟢 31.6 | 0.8639 | 86 |
| Decree of Flight | Armours | -2.45 | 🔴 -8.37 | 0.9163 | 111 |
| Dreadfist | Armours | -2.10 | 🔴 -29.12 | 0.09306 | 135 |
| Valako's Roar | Charms | -2.07 | 🔴 -29.12 | 0.09306 | 218 |
| Dustbloom | Armours | -2.06 | 🔴 -29.12 | 0.09306 | 179 |
| Fairgraves' Curse | Weapons | -2.02 | 🔴 -29.12 | 0.09306 | 296 |
| Leopold's Applause | Armours | -2.20 | 🔴 -33.54 | 0.2618 | 77 |
| Megalomaniac | Jewels | -2.45 | 🔴 -34.55 | 0.6545 | 709 |

## Currency movers (24h)

| Item | % | from | to |
|---|--:|--:|--:|
| Cryptic Key | 🟢 +249.43 | 0.2559 | 0.8942 |
| Orb of Extraction | 🟢 +80.63 | 0.2716 | 0.4906 |
| Perfect Orb of Augmentation | 🟢 +57.10 | 0.1119 | 0.1758 |
| Crystallised Corruption | 🟢 +52.32 | 1.51 | 2.3 |
| Vaal Armourer's Infuser | 🟢 +21.34 | 0.4437 | 0.5384 |
| Core Destabiliser | 🟢 +17.66 | 0.3642 | 0.4285 |
| Mirror of Kalandra | 🟢 +15.22 | 1340 | 1544 |
| Perfect Chaos Orb | 🔴 -22.49 | 3.69 | 2.86 |
| Orb of Chance | 🔴 -35.12 | 0.128 | 0.08304 |
| Vaal Blacksmith's Infuser | 🔴 -67.45 | 1 | 0.3255 |

## Unique movers (24h)

| Item | % | from | to |
|---|--:|--:|--:|
| Blackgleam | 🟢 +1037.27 | 0.01151 | 0.1309 |
| Beyond Reach | 🟢 +674.56 | 0.0169 | 0.1309 |
| The Pandemonius | 🟢 +453.25 | 0.02366 | 0.1309 |
| Spiteful Floret | 🟢 +345.74 | 0.01583 | 0.07056 |
| Sadist's Mercy | 🟢 +291.35 | 0.1271 | 0.4974 |
| Morior Invictus | 🟢 +263.64 | 1.1 | 4 |
| Brain Rattler | 🟢 +192.54 | 0.04225 | 0.1236 |
| Reverie | 🟢 +192.44 | 0.3305 | 0.9665 |
| Svalinn | 🟢 +157.47 | 0.2542 | 0.6545 |
| The Covenant | 🟢 +105.98 | 0.1271 | 0.2618 |
| Treefingers | 🟢 +105.98 | 0.1271 | 0.2618 |
| Duality | 🟢 +105.98 | 0.3813 | 0.7854 |
| Windscream | 🟢 +102.62 | 0.05577 | 0.113 |
| Shackles of the Wretched | 🟢 +95.68 | 0.0338 | 0.06614 |
| Nebuloch | 🟢 +85.37 | 0.1271 | 0.2356 |
| Heatshiver | 🟢 +81.99 | 0.04732 | 0.08612 |
| Hysseg's Claw | 🟢 +81.93 | 0.1439 | 0.2618 |
| Northpaw | 🟢 +78.05 | 0.07352 | 0.1309 |
| Redblade Banner | 🟢 +77.97 | 0.07355 | 0.1309 |
| Tidebreaker | 🟢 +72.61 | 0.06929 | 0.1196 |
| Doomfletch | 🟢 +71.65 | 0.3813 | 0.6545 |

## 7-bucket range position (spread ≥ 5.0%)

Where today's price sits inside its own decoded ~7-day window. `pos` = 0% at the window low, 100% at the high. Near low = cheap vs recent range; near high = running hot.

### Currency — near 7d low (buy candidates)

| Item | pos | now (div) | low | high | trace |
|---|--:|--:|--:|--:|---|
| Divine Orb | 0% | 1 | 1 | 1.25731 | `▄▇█▅▅▃▁` |
| Perfect Chaos Orb | 0% | 2.86 | 2.86 | 4.31702 | `▅▆▄█▆▅▁` |
| Orb of Annulment | 9% | 0.5828 | 0.569443 | 0.712579 | `▇▇█▄▄▁▂` |
| Perfect Exalted Orb | 24% | 3.67 | 3.57521 | 3.97228 | `█▁▄▃█▅▃` |
| Hinekora's Lock | 47% | 299 | 225.821 | 379.99 | `▁▃█▇▅▄▄` |
| Orb of Chance | 76% | 0.08304 | 0.0708587 | 0.086964 | `▅▁▅▄▆█▆` |
| Greater Exalted Orb | 85% | 0.09432 | 0.0577521 | 0.100544 | `▁▁▂▂▂█▇` |
| Fracturing Orb | 86% | 8.66 | 5.64894 | 9.15573 | `▁▂▅██▆▇` |
| Perfect Orb of Transmutation | 89% | 0.0771 | 0.0620899 | 0.0790194 | `▇█▃▂▁▆▇` |
| Architect's Orb | 95% | 2.55 | 1.67232 | 2.59348 | `▁▃▆▁▂██` |
| Vaal Cultivation Orb | 98% | 1.85 | 0.918814 | 1.86896 | `▄▁▆▆▆██` |
| Chaos Orb | 100% | 0.1406 | 0.111965 | 0.1406 | `▅▂▁▃▃▆█` |
| Core Destabiliser | 100% | 0.4285 | 0.164224 | 0.4285 | `▁▂▃▃▅▇█` |
| Crystallised Corruption | 100% | 2.3 | 1.62923 | 2.3 | `▁▁▁▃▂▅█` |
| Greater Chaos Orb | 100% | 0.32 | 0.195206 | 0.32 | `▁▁▁▂▃▇█` |
| Mirror of Kalandra | 100% | 1544 | 1100.34 | 1544 | `  ▁ ▂▅█` |
| Perfect Jeweller's Orb | 100% | 1.9 | 1.80237 | 1.9 | `▁▇▆▅▄▃█` |
| Perfect Orb of Augmentation | 100% | 0.1758 | 0.0617542 | 0.1758 | `▃▄▄▁▂▄█` |
| Perfect Regal Orb | 100% | 0.2845 | 0.208384 | 0.2845 | `▁▄▁▄▃▄█` |
| Vaal Armourer's Infuser | 100% | 0.5384 | 0.230876 | 0.5384 | `▃▁▄▅▄▅█` |
| Vaal Blacksmith's Infuser | 100% | 0.3255 | 0.0419072 | 0.3255 | `▂▁▁▂▁▄█` |
| Vaal Catalysing Infuser | 100% | 0.985 | 0.392391 | 0.985 | `▄▂▁▁▃▆█` |

### Currency — near 7d high (running hot)

| Item | pos | now (div) | low | high | trace |
|---|--:|--:|--:|--:|---|
| Chaos Orb | 100% | 0.1406 | 0.111965 | 0.1406 | `▅▂▁▃▃▆█` |
| Core Destabiliser | 100% | 0.4285 | 0.164224 | 0.4285 | `▁▂▃▃▅▇█` |
| Crystallised Corruption | 100% | 2.3 | 1.62923 | 2.3 | `▁▁▁▃▂▅█` |
| Greater Chaos Orb | 100% | 0.32 | 0.195206 | 0.32 | `▁▁▁▂▃▇█` |
| Mirror of Kalandra | 100% | 1544 | 1100.34 | 1544 | `  ▁ ▂▅█` |
| Perfect Jeweller's Orb | 100% | 1.9 | 1.80237 | 1.9 | `▁▇▆▅▄▃█` |
| Perfect Orb of Augmentation | 100% | 0.1758 | 0.0617542 | 0.1758 | `▃▄▄▁▂▄█` |
| Perfect Regal Orb | 100% | 0.2845 | 0.208384 | 0.2845 | `▁▄▁▄▃▄█` |
| Vaal Armourer's Infuser | 100% | 0.5384 | 0.230876 | 0.5384 | `▃▁▄▅▄▅█` |
| Vaal Blacksmith's Infuser | 100% | 0.3255 | 0.0419072 | 0.3255 | `▂▁▁▂▁▄█` |
| Vaal Catalysing Infuser | 100% | 0.985 | 0.392391 | 0.985 | `▄▂▁▁▃▆█` |
| Vaal Cultivation Orb | 98% | 1.85 | 0.918814 | 1.86896 | `▄▁▆▆▆██` |
| Architect's Orb | 95% | 2.55 | 1.67232 | 2.59348 | `▁▃▆▁▂██` |
| Perfect Orb of Transmutation | 89% | 0.0771 | 0.0620899 | 0.0790194 | `▇█▃▂▁▆▇` |
| Fracturing Orb | 86% | 8.66 | 5.64894 | 9.15573 | `▁▂▅██▆▇` |
| Greater Exalted Orb | 85% | 0.09432 | 0.0577521 | 0.100544 | `▁▁▂▂▂█▇` |
| Orb of Chance | 76% | 0.08304 | 0.0708587 | 0.086964 | `▅▁▅▄▆█▆` |
| Hinekora's Lock | 47% | 299 | 225.821 | 379.99 | `▁▃█▇▅▄▄` |
| Perfect Exalted Orb | 24% | 3.67 | 3.57521 | 3.97228 | `█▁▄▃█▅▃` |
| Orb of Annulment | 9% | 0.5828 | 0.569443 | 0.712579 | `▇▇█▄▄▁▂` |
| Divine Orb | 0% | 1 | 1 | 1.25731 | `▄▇█▅▅▃▁` |
| Perfect Chaos Orb | 0% | 2.86 | 2.86 | 4.31702 | `▅▆▄█▆▅▁` |

### Unique — near 7d low (buy candidates)

| Item | pos | now (div) | low | high | trace |
|---|--:|--:|--:|--:|---|
| Berek's Grip | 0% | 1.53 | 1.53 | 2.75477 | `█▅▆▅▂▃▁` |
| Berek's Pass | 0% | 1.07 | 1.07 | 1.83251 | `█▇█▄▄▅▁` |
| Berek's Respite | 0% | 1.75 | 1.75 | 2.35786 | `█▅▄▄▄▄▁` |
| Bijouborne | 0% | 0.04134 | 0.04134 | 0.0576516 | `▂▆█▇▅▁▁` |
| Bursting Decay | 0% | 6 | 6 | 12 | `█▅▅▅▂▂▁` |
| Zerphi's Genesis | 0% | 0.04134 | 0.04134 | 0.0613991 | `█▇▇▆▄▁▁` |
| Ashrend | 0% | 0.0496 | 0.0496 | 0.11242 | `▂███▆▄▁` |
| Birth of Fury | 0% | 0.04134 | 0.04134 | 0.05526 | `█▇▆▅▆▁▁` |
| Bitterbloom | 0% | 0.09306 | 0.09306 | 0.127189 | `▇▄▅▆▄█▁` |
| Black Sun Crest | 0% | 0.09306 | 0.09306 | 0.127189 | `▇▄▅▆▄█▁` |
| Bloodbarrier | 0% | 0.08267 | 0.08267 | 0.262611 | `█▂▂▂▂▃▁` |
| Bones of Ullr | 0% | 0.2618 | 0.2618 | 0.481586 | `▃▄▃█▅▅▁` |
| Bristleboar | 0% | 0.09306 | 0.09306 | 0.127189 | `▇▄▅▆▄█▁` |
| Bushwhack | 0% | 0.09306 | 0.09306 | 0.127189 | `▇▄▅▆▄█▁` |
| Coat of Red | 0% | 0.09306 | 0.09306 | 0.127189 | `▇▄▅▆▄█▁` |
| Corpsewade | 0% | 0.09306 | 0.09306 | 0.127189 | `▇▄▅▆▄█▁` |
| Deathblow | 0% | 0.1033 | 0.1033 | 0.155461 | `▃▃▂█▄▂▁` |
| Decree of Flight | 0% | 0.9163 | 0.9163 | 1 | `██████▁` |
| Dreadfist | 0% | 0.09306 | 0.09306 | 0.131292 | `█▅▅▆▇▇▁` |
| Dustbloom | 0% | 0.09306 | 0.09306 | 0.131358 | `█▅▅▆▇█▁` |
| Elevore | 0% | 0.09306 | 0.09306 | 0.127189 | `▇▄▅▆▄█▁` |
| Eyes of the Runefather | 0% | 0.2549 | 0.2549 | 0.37348 | `█▇▁▆▄▁▁` |
| Feathered Fortress | 0% | 0.09306 | 0.09306 | 0.127189 | `▇▄▅▆▄█▁` |
| Gamblesprint | 0% | 0.09306 | 0.09306 | 0.127189 | `▇▄▅▆▄█▁` |
| Gravebind | 0% | 0.07192 | 0.07192 | 0.132398 | `▇▆▅▄▇█▁` |

### Unique — near 7d high (running hot)

| Item | pos | now (div) | low | high | trace |
|---|--:|--:|--:|--:|---|
| Astramentis | 100% | 2.58 | 1.26281 | 2.58 | `▁▁▃▅▆▇█` |
| Defiance of Destiny | 100% | 0.6545 | 0.314456 | 0.6545 | `▆▃▁▇▇██` |
| Eye of Chayula | 100% | 0.1309 | 0.0110295 | 0.1309 | `▁▁▁▁▇██` |
| Fixation of Yix | 100% | 0.1309 | 0.0920988 | 0.1309 | `▁▅▅▆▆▇█` |
| Hinekora's Sight | 100% | 0.1309 | 0.0110295 | 0.1309 | `▁▁▁▁▆██` |
| Idol of Uldurn | 100% | 0.1309 | 0.0491182 | 0.1309 | `▁▂▅▄▇██` |
| Levinstone | 100% | 0.2508 | 0.110318 | 0.2508 | `▂▁▁▁▁▄█` |
| Original Sin | 100% | 1 | 0.392989 | 1 | `▁▂▁▃▅▇█` |
| Perandus Seal | 100% | 0.1309 | 0.0613977 | 0.1309 | `▁▃▃▇▇██` |
| Shavronne's Satchel | 100% | 0.3927 | 0.183848 | 0.3927 | `▁▃▂▃▃▃█` |
| The Anvil | 100% | 0.1309 | 0.044123 | 0.1309 | `▂▂▂▁▄██` |
| The Pandemonius | 100% | 0.1309 | 0.0236578 | 0.1309 | `▃▃▁▁▁▁█` |
| Ungil's Harmony | 100% | 0.1309 | 0.0495833 | 0.1309 | `▁▇▆▇▇██` |
| Ventor's Gamble | 100% | 0.1964 | 0.112332 | 0.1964 | `▃▁▁▂▃▂█` |
| Waistgate | 100% | 0.1309 | 0.0585494 | 0.1309 | `▂▁▆▇▇██` |
| Yoke of Suffering | 100% | 0.9749 | 0.525213 | 0.9749 | `▁▄▃▆▇▆█` |
| Atziri's Splendour | 100% | 1 | 0.393856 | 1 | `▁▂▂▂▇▇█` |
| Enfolding Dawn | 100% | 1 | 0.347157 | 1 | `▃▂▅▁▇▃█` |
| Forgotten Warden | 100% | 1 | 0.694738 | 1 | `▃▁█▇█▅█` |
| Ghostwrithe | 100% | 1.05 | 0.788152 | 1.05 | `▁▇▁▆▇▅█` |
| Hand of Wisdom and Action | 100% | 1 | 0.706427 | 1 | `▄▁▃████` |
| Horror's Flight | 100% | 0.5236 | 0.231608 | 0.5236 | `▆▁▆▇▄▅█` |
| Morior Invictus | 100% | 4 | 0.93633 | 4 | `▁▃▃▃▃▃█` |
| Nightfall | 100% | 0.9498 | 0.544265 | 0.9498 | `▅▁▁▄▂▃█` |
| Northpaw | 100% | 0.1309 | 0.0551499 | 0.1309 | `▅▁▅▁▃▆█` |
