---
type: poe2-signal-brief
league: "HC Runes of Aldur"
league_day: 25
generated: 2026-06-24T12:26:14Z
snapshots: 43
currency_signals: 1
unique_signals: 6
tags: [poe2, market-signal]
---

# PoE2 Signal Brief вҖ” HC Runes of Aldur

> Day 25 В· generated 2026-06-24T12:26:14Z В· 43 snapshot(s) В· 47 currencies / 619 uniques tracked В· values in Divine В· 1 div = 106 ex (live)

Decision-support only. Momentum is run-#1 sparkline z-score; movers are absolute %-change from our own snapshot history.

## Currency momentum (|z| вүҘ 2.0, vol вүҘ 1.0)

| Currency | z | 7d % | value (div) | volume |
|---|--:|--:|--:|--:|
| Greater Chaos Orb | +2.12 | рҹҹў 49.97 | 0.2972 | 45.22 |

## Unique momentum (|z| вүҘ 2.0, listings вүҘ 5)

| Item | Type | z | 7d % | value (div) | listings |
|---|---|--:|--:|--:|--:|
| Guiding Palm of the Eye | Weapons | +2.36 | рҹҹў 156 | 7.68 | 5 |
| For Utopia | Charms | +2.31 | рҹҹў 150.1 | 0.9109 | 29 |
| Olroth's Resolve | Flasks | +2.17 | рҹҹў 77.26 | 1.77 | 26 |
| The Anvil | Accessories | +2.20 | рҹҹў 71.78 | 0.1231 | 102 |
| The Pandemonius | Accessories | +2.06 | рҹҹў 66.66 | 0.1021 | 84 |
| Maligaro's Virtuosity | Armours | -2.10 | рҹ”ҙ -3.83 | 4.62 | 83 |

## Currency movers (24h)

| Item | % | from | to |
|---|--:|--:|--:|
| Vaal Siphoner | рҹҹў +8990.91 | 0.011 | 1 |
| Orb of Extraction | рҹҹў +60.66 | 0.1304 | 0.2095 |
| Cryptic Key | рҹҹў +54.38 | 0.208 | 0.3211 |
| Crystallised Corruption | рҹҹў +31.06 | 1.32 | 1.73 |
| Core Destabiliser | рҹҹў +24.16 | 0.3075 | 0.3818 |
| Vaal Catalysing Infuser | рҹҹў +19.55 | 0.6454 | 0.7716 |
| Hinekora's Lock | рҹҹў +17.24 | 290 | 340 |
| Perfect Chaos Orb | рҹ”ҙ -15.74 | 4.32 | 3.64 |
| Vaal Armourer's Infuser | рҹ”ҙ -24.86 | 0.4352 | 0.327 |
| Perfect Regal Orb | рҹ”ҙ -26.60 | 0.3225 | 0.2367 |
| Ancient Infuser | рҹ”ҙ -38.54 | 0.162 | 0.09956 |

## Unique movers (24h)

| Item | % | from | to |
|---|--:|--:|--:|
| Hinekora's Sight | рҹҹў +1050.47 | 0.0107 | 0.1231 |
| Icetomb | рҹҹў +784.67 | 0.0107 | 0.09466 |
| The Empty Roar | рҹҹў +680.00 | 0.0107 | 0.08346 |
| Blackgleam | рҹҹў +364.26 | 0.01175 | 0.05455 |
| Guiding Palm of the Eye | рҹҹў +255.56 | 2.16 | 7.68 |
| The Pandemonius | рҹҹў +240.79 | 0.02996 | 0.1021 |
| Jarngreipr | рҹҹў +130.09 | 0.0535 | 0.1231 |
| Xoph's Blood | рҹҹў +126.49 | 0.1087 | 0.2462 |
| For Utopia | рҹҹў +109.79 | 0.4342 | 0.9109 |
| Guiding Palm of the Mind | рҹҹў +107.00 | 2 | 4.14 |
| Trampletoe | рҹҹў +100.98 | 0.1225 | 0.2462 |
| Undying Hate | рҹҹў +95.00 | 1 | 1.95 |
| Redblade Banner | рҹҹў +80.74 | 0.05671 | 0.1025 |
| Olroth's Resolve | рҹҹў +77.00 | 1 | 1.77 |
| Dream Fragments | рҹҹў +76.11 | 0.5635 | 0.9924 |
| Tabula Rasa | рҹҹў +74.55 | 11 | 19.2 |
| Skysliver | рҹҹў +73.33 | 1.5 | 2.6 |
| Guiding Palm of the Heart | рҹҹў +71.43 | 2.45 | 4.2 |
| Andvarius | рҹҹў +67.48 | 0.3675 | 0.6155 |
| Hysseg's Claw | рҹ”ҙ -60.06 | 0.4735 | 0.1891 |
| Atziri's Step | рҹ”ҙ -66.80 | 0.3675 | 0.122 |

## 7-bucket range position (spread вүҘ 5.0%)

Where today's price sits inside its own decoded ~7-day window. `pos` = 0% at the window low, 100% at the high. Near low = cheap vs recent range; near high = running hot.

### Currency вҖ” near 7d low (buy candidates)

| Item | pos | now (div) | low | high | trace |
|---|--:|--:|--:|--:|---|
| Orb of Annulment | 0% | 0.5945 | 0.5945 | 0.832871 | `в–Ҳв–…в–ғв–Ҷв–Ӯв–Ӯв–Ғ` |
| Perfect Chaos Orb | 1% | 3.64 | 3.62703 | 4.53986 | `в–Ҳв–Ӯв–„в–Ғв–„в–…в–Ғ` |
| Divine Orb | 35% | 1 | 0.923412 | 1.14284 | `в–Ғв–Ӯв–…в–Ҳв–Ҷв–…в–ғ` |
| Greater Exalted Orb | 38% | 0.07405 | 0.0632893 | 0.0916804 | `в–Ҳв–ғв–Ғв–ғв–Ӯв–ғв–„` |
| Perfect Exalted Orb | 40% | 3.89 | 3.59864 | 4.32847 | `в–Ҷв–Ҳв–Ғв–Ғв–ғв–„в–„` |
| Vaal Armourer's Infuser | 43% | 0.327 | 0.221439 | 0.468586 | `в–Ғв–Ҷв–ғв–ғв–Ҳв–Ҷв–„` |
| Perfect Orb of Transmutation | 46% | 0.07821 | 0.0661707 | 0.0923579 | `в–Үв–ғв–Ҳв–…в–Ӯв–Ғв–„` |
| Perfect Orb of Augmentation | 50% | 0.1029 | 0.0734525 | 0.131978 | `в–Ғв–„в–Үв–Ҳв–Ғв–Ӯв–…` |
| Perfect Regal Orb | 54% | 0.2367 | 0.19132 | 0.27586 | `в–ғв–Ғв–Ҳв–…в–…в–Ҳв–…` |
| Orb of Chance | 57% | 0.0959 | 0.0853194 | 0.103863 | `в–Ҳв–Ӯв–Ғв–Ғв–Ӯв–ғв–…` |
| Chaos Orb | 60% | 0.1264 | 0.110712 | 0.137021 | `в–Ҳв–Үв–ғв–Ғв–ғв–„в–…` |
| Hinekora's Lock | 74% | 340 | 210.963 | 385.778 | `в–Ғв–Ӯв–Ӯв–„в–Ҳв–…в–Ҷ` |
| Fracturing Orb | 78% | 8.55 | 5.58886 | 9.39715 | `в–Ӯв–Ғв–Ғв–ғв–Үв–Ҳв–Ҷ` |
| Crystallised Corruption | 90% | 1.73 | 0.771129 | 1.83769 | `в–Ғв–…в–Ҷв–Ҳв–Үв–Ҷв–Ү` |
| Architect's Orb | 100% | 1.49 | 0.587329 | 1.49 | `в–Ғв–Ӯв–„в–Ҷв–Ҷв–Ҷв–Ҳ` |
| Cryptic Key | 100% | 0.3211 | 0.174091 | 0.3211 | `в–Ҷв–„в–Үв–„в–Ғв–Ӯв–Ҳ` |
| Greater Chaos Orb | 100% | 0.2972 | 0.208201 | 0.2972 | `в–Ӯв–Ӯв–Ӯв–Ғв–Ӯв–…в–Ҳ` |
| Perfect Jeweller's Orb | 100% | 1.34 | 1.0211 | 1.34 | `в–Ғв–Ӯв–ғв–…в–Ҷв–Ҷв–Ҳ` |
| Vaal Catalysing Infuser | 100% | 0.7716 | 0.399661 | 0.7716 | `в–…в–…в–…в–Ӯв–Ғв–„в–Ҳ` |
| Vaal Cultivation Orb | 100% | 1.31 | 0.394196 | 1.31 | `в–Ғв–Ӯв–Ӯв–…в–…в–Үв–Ҳ` |

### Currency вҖ” near 7d high (running hot)

| Item | pos | now (div) | low | high | trace |
|---|--:|--:|--:|--:|---|
| Architect's Orb | 100% | 1.49 | 0.587329 | 1.49 | `в–Ғв–Ӯв–„в–Ҷв–Ҷв–Ҷв–Ҳ` |
| Cryptic Key | 100% | 0.3211 | 0.174091 | 0.3211 | `в–Ҷв–„в–Үв–„в–Ғв–Ӯв–Ҳ` |
| Greater Chaos Orb | 100% | 0.2972 | 0.208201 | 0.2972 | `в–Ӯв–Ӯв–Ӯв–Ғв–Ӯв–…в–Ҳ` |
| Perfect Jeweller's Orb | 100% | 1.34 | 1.0211 | 1.34 | `в–Ғв–Ӯв–ғв–…в–Ҷв–Ҷв–Ҳ` |
| Vaal Catalysing Infuser | 100% | 0.7716 | 0.399661 | 0.7716 | `в–…в–…в–…в–Ӯв–Ғв–„в–Ҳ` |
| Vaal Cultivation Orb | 100% | 1.31 | 0.394196 | 1.31 | `в–Ғв–Ӯв–Ӯв–…в–…в–Үв–Ҳ` |
| Crystallised Corruption | 90% | 1.73 | 0.771129 | 1.83769 | `в–Ғв–…в–Ҷв–Ҳв–Үв–Ҷв–Ү` |
| Fracturing Orb | 78% | 8.55 | 5.58886 | 9.39715 | `в–Ӯв–Ғв–Ғв–ғв–Үв–Ҳв–Ҷ` |
| Hinekora's Lock | 74% | 340 | 210.963 | 385.778 | `в–Ғв–Ӯв–Ӯв–„в–Ҳв–…в–Ҷ` |
| Chaos Orb | 60% | 0.1264 | 0.110712 | 0.137021 | `в–Ҳв–Үв–ғв–Ғв–ғв–„в–…` |
| Orb of Chance | 57% | 0.0959 | 0.0853194 | 0.103863 | `в–Ҳв–Ӯв–Ғв–Ғв–Ӯв–ғв–…` |
| Perfect Regal Orb | 54% | 0.2367 | 0.19132 | 0.27586 | `в–ғв–Ғв–Ҳв–…в–…в–Ҳв–…` |
| Perfect Orb of Augmentation | 50% | 0.1029 | 0.0734525 | 0.131978 | `в–Ғв–„в–Үв–Ҳв–Ғв–Ӯв–…` |
| Perfect Orb of Transmutation | 46% | 0.07821 | 0.0661707 | 0.0923579 | `в–Үв–ғв–Ҳв–…в–Ӯв–Ғв–„` |
| Vaal Armourer's Infuser | 43% | 0.327 | 0.221439 | 0.468586 | `в–Ғв–Ҷв–ғв–ғв–Ҳв–Ҷв–„` |
| Perfect Exalted Orb | 40% | 3.89 | 3.59864 | 4.32847 | `в–Ҷв–Ҳв–Ғв–Ғв–ғв–„в–„` |
| Greater Exalted Orb | 38% | 0.07405 | 0.0632893 | 0.0916804 | `в–Ҳв–ғв–Ғв–ғв–Ӯв–ғв–„` |
| Divine Orb | 35% | 1 | 0.923412 | 1.14284 | `в–Ғв–Ӯв–…в–Ҳв–Ҷв–…в–ғ` |
| Perfect Chaos Orb | 1% | 3.64 | 3.62703 | 4.53986 | `в–Ҳв–Ӯв–„в–Ғв–„в–…в–Ғ` |
| Orb of Annulment | 0% | 0.5945 | 0.5945 | 0.832871 | `в–Ҳв–…в–ғв–Ҷв–Ӯв–Ӯв–Ғ` |

### Unique вҖ” near 7d low (buy candidates)

| Item | pos | now (div) | low | high | trace |
|---|--:|--:|--:|--:|---|
| Berek's Pass | 0% | 1.35 | 1.35 | 1.83271 | `в–„в–Ҳв–Үв–Үв–Ғв–Ӯв–Ғ` |
| Berek's Respite | 0% | 1.9 | 1.9 | 2.39024 | `в–Ҳв–Ҳв–„в–Ӯв–Ӯв–Ӯв–Ғ` |
| Bursting Decay | 0% | 7 | 7 | 11.9992 | `в–Үв–Ҳв–„в–„в–„в–Ғв–Ғ` |
| Cracklecreep | 0% | 0.09466 | 0.09466 | 0.132503 | `в–Ҳв–Ҳв–…в–„в–…в–„в–Ғ` |
| Death Rush | 0% | 0.09466 | 0.09466 | 0.132503 | `в–Ҳв–Үв–ғв–„в–…в–„в–Ғ` |
| Icefang Orbit | 0% | 0.09466 | 0.09466 | 0.154295 | `в–Ҳв–…в–ғв–ғв–ғв–ғв–Ғ` |
| Ligurium Talisman | 0% | 0.09466 | 0.09466 | 0.132503 | `в–Ҳв–Ҳв–…в–„в–…в–„в–Ғ` |
| Mageblood | 0% | 598.8 | 598.8 | 700.02 | `в–Ғв–Үв–Ҳв–Ҷв–ғв–Ғв–Ғ` |
| Midnight Braid | 0% | 0.09466 | 0.09466 | 0.154295 | `в–Ҳв–…в–ғв–„в–ғв–ғв–Ғ` |
| Ming's Heart | 0% | 0.09466 | 0.09466 | 0.132503 | `в–Ҳв–Үв–ғв–„в–…в–„в–Ғ` |
| Revered Resin | 0% | 0.09466 | 0.09466 | 0.132503 | `в–Ҳв–Үв–ғв–„в–…в–„в–Ғ` |
| Rondel of Fragility | 0% | 0.09466 | 0.09466 | 0.132503 | `в–Ҳв–Үв–ғв–„в–…в–„в–Ғ` |
| Soul Tether | 0% | 0.09466 | 0.09466 | 0.132503 | `в–Ҳв–Үв–ғв–„в–…в–„в–Ғ` |
| The Burrower | 0% | 0.09466 | 0.09466 | 0.132503 | `в–Ҳв–Үв–ғв–„в–…в–„в–Ғ` |
| The Taming | 0% | 11 | 11 | 13.9999 | `в–ғв–Ҷв–Ҳв–Ӯв–„в–Ғв–Ғ` |
| Venopuncture | 0% | 0.09466 | 0.09466 | 0.132503 | `в–Ҳв–Үв–ғв–„в–…в–„в–Ғ` |
| Whisper of the Brotherhood | 0% | 0.09466 | 0.09466 | 0.132503 | `в–Ҳв–Үв–ғв–„в–…в–„в–Ғ` |
| Bitterbloom | 0% | 0.09466 | 0.09466 | 0.132503 | `в–Ҳв–Үв–ғв–„в–…в–„в–Ғ` |
| Black Sun Crest | 0% | 0.09466 | 0.09466 | 0.132503 | `в–Ҳв–Үв–ғв–„в–…в–„в–Ғ` |
| Bloodbarrier | 0% | 0.09953 | 0.09953 | 0.262538 | `в–Ӯв–Ҳв–Ӯв–Ӯв–Ғв–Ғв–Ғ` |
| Bristleboar | 0% | 0.09466 | 0.09466 | 0.132503 | `в–Ҳв–Үв–ғв–„в–…в–„в–Ғ` |
| Bushwhack | 0% | 0.09466 | 0.09466 | 0.132503 | `в–Ҳв–Үв–ғв–„в–…в–„в–Ғ` |
| Coat of Red | 0% | 0.09663 | 0.09663 | 0.132497 | `в–Ҳв–Ҷв–ғв–„в–…в–ғв–Ғ` |
| Corpsewade | 0% | 0.09466 | 0.09466 | 0.132503 | `в–Ҳв–Үв–ғв–„в–…в–„в–Ғ` |
| Decree of Loyalty | 0% | 0.09879 | 0.09879 | 0.135292 | `в–Ҳв–Үв–„в–„в–…в–Ҷв–Ғ` |

### Unique вҖ” near 7d high (running hot)

| Item | pos | now (div) | low | high | trace |
|---|--:|--:|--:|--:|---|
| Andvarius | 100% | 0.6155 | 0.17066 | 0.6155 | `в–Ӯв–Ғв–Ӯв–Ӯв–„в–Ҳв–Ҳ` |
| Dream Fragments | 100% | 0.9924 | 0.33686 | 0.9924 | `в–Үв–„в–ғв–Ғв–ғв–Ғв–Ҳ` |
| Eye of Chayula | 100% | 0.1231 | 0.0110304 | 0.1231 | `в–Ғв–Ғв–Ғв–Ғв–Ғв–Үв–Ҳ` |
| Fixation of Yix | 100% | 0.1231 | 0.0651495 | 0.1231 | `в–Ғв–„в–Үв–Үв–Ҳв–Үв–Ҳ` |
| Hinekora's Sight | 100% | 0.1231 | 0.0110304 | 0.1231 | `в–Ғв–Ғв–Ғв–Ғв–Ғв–Ҷв–Ҳ` |
| Idol of Uldurn | 100% | 0.1231 | 0.0491261 | 0.1231 | `в–Ғв–Ғв–Ӯв–…в–„в–Үв–Ҳ` |
| Levinstone | 100% | 0.1449 | 0.110314 | 0.1449 | `в–…в–…в–Ӯв–Ғв–Ғв–Ӯв–Ҳ` |
| Original Sin | 100% | 0.7386 | 0.384247 | 0.7386 | `в–Ғв–Ғв–ғв–Ғв–„в–Үв–Ҳ` |
| Perandus Seal | 100% | 0.1231 | 0.0613969 | 0.1231 | `в–Ғв–Ғв–ғв–ғв–Ҳв–Үв–Ҳ` |
| The Anvil | 100% | 0.1231 | 0.0441219 | 0.1231 | `в–ғв–Ӯв–Ӯв–Ӯв–Ғв–„в–Ҳ` |
| The Pandemonius | 100% | 0.1021 | 0.0285728 | 0.1021 | `в–„в–„в–ғв–Ғв–Ғв–Ғв–Ҳ` |
| Ungil's Harmony | 100% | 0.1231 | 0.0385652 | 0.1231 | `в–Ғв–Ӯв–Үв–Үв–Ҳв–Ҳв–Ҳ` |
| Xoph's Blood | 100% | 0.2462 | 0.0585499 | 0.2462 | `в–Ғв–Ғв–Ғв–…в–ғв–ғв–Ҳ` |
| Hand of Wisdom and Action | 100% | 1 | 0.636011 | 1 | `в–Ғв–…в–Ӯв–„в–Ҳв–Ҳв–Ҳ` |
| Sandstorm Visage | 100% | 1 | 0.6737 | 1 | `в–Ҳв–„в–Ғв–Ҳв–Ҳв–Ҳв–Ҳ` |
| For Utopia | 100% | 0.9109 | 0.328412 | 0.9109 | `в–Ғв–ғв–Ғв–Ғв–Ӯв–ғв–Ҳ` |
| Forsaken Bangle | 100% | 0.3693 | 0.262586 | 0.3693 | `в–Ғв–Ғв–„в–Ҷв–…в–Үв–Ҳ` |
| The Fall of the Axe | 100% | 1.72 | 1.23283 | 1.72 | `в–Ҷв–Ҷв–Ӯв–Ғв–Ғв–Ҳв–Ҳ` |
| Olroth's Resolve | 100% | 1.77 | 0.527026 | 1.77 | `в–„в–„в–ғв–Ғв–„в–„в–Ҳ` |
| Against the Darkness | 100% | 4 | 3.00008 | 4 | `в–Ғв–Ғв–Ғв–Ғв–Ҳв–Ҳв–Ҳ` |
| Heart of the Well | 100% | 0.6155 | 0.336887 | 0.6155 | `в–ғв–Ҷв–Ғв–Ғв–Ҳв–„в–Ҳ` |
| Heroic Tragedy | 100% | 3 | 2 | 3 | `в–Ғв–Ғв–Ғв–Ғв–Ҳв–Ҳв–Ҳ` |
| Guiding Palm of the Eye | 100% | 7.68 | 2.0001 | 7.68 | `в–Ӯв–Ғв–Ғв–Ӯв–Ӯв–ғв–Ҳ` |
| Guiding Palm of the Heart | 100% | 4.2 | 1.48729 | 4.2 | `в–ғв–Ғв–Ғв–ғв–„в–Ҷв–Ҳ` |
| Guiding Palm of the Mind | 100% | 4.14 | 1.396 | 4.14 | `в–…в–ғв–Ғв–„в–„в–Ҳв–Ҳ` |
