---
type: poe2-signal-brief
league: "HC Runes of Aldur"
league_day: 26
generated: 2026-06-24T23:17:20Z
snapshots: 48
currency_signals: 4
unique_signals: 19
tags: [poe2, market-signal]
---

# PoE2 Signal Brief вҖ” HC Runes of Aldur

> Day 26 В· generated 2026-06-24T23:17:20Z В· 48 snapshot(s) В· 47 currencies / 621 uniques tracked В· values in Divine В· 1 div = 119 ex (live)

Decision-support only. Momentum is run-#1 sparkline z-score; movers are absolute %-change from our own snapshot history.

## Currency momentum (|z| вүҘ 2.0, vol вүҘ 1.0)

| Currency | z | 7d % | value (div) | volume |
|---|--:|--:|--:|--:|
| Architect's Orb | +2.12 | рҹҹў 173.9 | 2.85 | 16.17 |
| Greater Chaos Orb | +2.23 | рҹҹў 69.82 | 0.3278 | 62.17 |
| Divine Orb | +2.05 | рҹҹў 59.7 | 1 | 711 |
| Greater Exalted Orb | +2.40 | рҹҹў 43.84 | 0.1437 | 22.87 |

## Unique momentum (|z| вүҘ 2.0, listings вүҘ 5)

| Item | Type | z | 7d % | value (div) | listings |
|---|---|--:|--:|--:|--:|
| Radiant Grief | Armours | +2.39 | рҹҹў 875.4 | 0.1271 | 96 |
| Guiding Palm of the Mind | Weapons | +2.41 | рҹҹў 400 | 15 | 11 |
| Quill Rain | Weapons | +2.36 | рҹҹў 241.5 | 0.2203 | 9 |
| Fury of the King | Weapons | +2.10 | рҹҹў 234.5 | 0.905 | 84 |
| Guiding Palm of the Heart | Weapons | +2.17 | рҹҹў 152.2 | 5.73 | 12 |
| Drillneck | Armours | +2.05 | рҹҹў 132.2 | 0.1271 | 76 |
| Thief's Torment | Accessories | +2.04 | рҹҹў 131 | 0.1505 | 56 |
| Guiding Palm of the Eye | Weapons | +2.25 | рҹҹў 98.02 | 5.94 | 14 |
| Olroth's Resolve | Flasks | +2.24 | рҹҹў 94.39 | 1.94 | 26 |
| Saitha's Spear | Weapons | +2.26 | рҹҹў 84.77 | 1 | 68 |
| Tidebreaker | Weapons | +2.05 | рҹҹў 79.04 | 0.06929 | 89 |
| The Anvil | Accessories | +2.22 | рҹҹў 77.37 | 0.1271 | 99 |
| Levinstone | Accessories | +2.23 | рҹҹў 29.7 | 0.169 | 50 |
| Maligaro's Virtuosity | Armours | -2.41 | рҹ”ҙ -18.61 | 3.91 | 99 |
| Demon Stitcher | Armours | -2.09 | рҹ”ҙ -31.87 | 0.09027 | 216 |
| Quatl's Molt | Armours | -2.01 | рҹ”ҙ -35.15 | 0.0845 | 45 |
| Pragmatism | Armours | -2.24 | рҹ”ҙ -36.23 | 0.0845 | 22 |
| Windscream | Armours | -2.34 | рҹ”ҙ -57.77 | 0.05577 | 67 |
| Olrovasara | Weapons | -2.11 | рҹ”ҙ -67.74 | 1 | 5 |

## Currency movers (24h)

| Item | % | from | to |
|---|--:|--:|--:|
| Vaal Siphoner | рҹҹў +9840.36 | 0.01006 | 1 |
| Vaal Blacksmith's Infuser | рҹҹў +1252.81 | 0.07392 | 1 |
| Orb of Extraction | рҹҹў +157.88 | 0.118 | 0.3043 |
| Architect's Orb | рҹҹў +75.93 | 1.62 | 2.85 |
| Greater Exalted Orb | рҹҹў +68.50 | 0.08528 | 0.1437 |
| Ancient Infuser | рҹҹў +46.49 | 0.1196 | 0.1752 |
| Cryptic Key | рҹҹў +29.03 | 0.1991 | 0.2569 |
| Perfect Orb of Augmentation | рҹҹў +22.01 | 0.1045 | 0.1275 |
| Perfect Jeweller's Orb | рҹҹў +20.00 | 1.55 | 1.86 |
| Vaal Armourer's Infuser | рҹҹў +13.76 | 0.4766 | 0.5422 |

## Unique movers (24h)

| Item | % | from | to |
|---|--:|--:|--:|
| Guiding Palm of the Mind | рҹҹў +588.07 | 2.18 | 15 |
| Drillneck | рҹҹў +441.77 | 0.02346 | 0.1271 |
| Radiant Grief | рҹҹў +315.36 | 0.0306 | 0.1271 |
| Enfolding Dawn | рҹҹў +280.05 | 0.204 | 0.7753 |
| Guiding Palm of the Eye | рҹҹў +166.37 | 2.23 | 5.94 |
| Fury of the King | рҹҹў +157.39 | 0.3516 | 0.905 |
| Guiding Palm of the Heart | рҹҹў +144.87 | 2.34 | 5.73 |
| Dream Fragments | рҹҹў +142.21 | 0.3516 | 0.8516 |
| Xoph's Blood | рҹҹў +118.35 | 0.1106 | 0.2415 |
| Saffell's Frame | рҹҹў +116.89 | 0.1172 | 0.2542 |
| Trampletoe | рҹҹў +116.89 | 0.1172 | 0.2542 |
| Quill Rain | рҹҹў +115.98 | 0.102 | 0.2203 |
| Saitha's Spear | рҹҹў +113.31 | 0.4688 | 1 |
| Quecholli | рҹҹў +111.09 | 0.1172 | 0.2474 |
| Skysliver | рҹҹў +100.00 | 1.5 | 3 |
| Olroth's Resolve | рҹҹў +94.00 | 1 | 1.94 |
| Undying Hate | рҹҹў +91.00 | 1 | 1.91 |
| Thief's Torment | рҹҹў +84.44 | 0.0816 | 0.1505 |
| Tabula Rasa | рҹ”ҙ -73.19 | 37.3 | 10 |

## 7-bucket range position (spread вүҘ 5.0%)

Where today's price sits inside its own decoded ~7-day window. `pos` = 0% at the window low, 100% at the high. Near low = cheap vs recent range; near high = running hot.

### Currency вҖ” near 7d low (buy candidates)

| Item | pos | now (div) | low | high | trace |
|---|--:|--:|--:|--:|---|
| Vaal Blacksmith's Infuser | 0% | 1 | 1 | 1.49993 | `    в–Ҳ в–Ғ` |
| Perfect Chaos Orb | 18% | 3.61 | 3.427 | 4.45559 | `в–Ҳв–ғв–…в–Ғв–Ҷв–„в–Ӯ` |
| Perfect Exalted Orb | 18% | 3.77 | 3.60792 | 4.497 | `в–Ҳв–Ӯв–Ғв–Ӯв–ғв–„в–Ӯ` |
| Hinekora's Lock | 49% | 299 | 221.354 | 379.919 | `в–Ғв–Ғв–ғв–Ҳв–Үв–„в–„` |
| Chaos Orb | 75% | 0.1311 | 0.113662 | 0.136969 | `в–Ҳв–Ҷв–Ғв–Ғв–ғв–ғв–Ҷ` |
| Fracturing Orb | 77% | 8.31 | 5.63288 | 9.11635 | `в–Ғв–Ғв–Ӯв–Ҷв–Ҳв–Ҳв–Ҷ` |
| Perfect Orb of Transmutation | 93% | 0.08572 | 0.0659597 | 0.0873134 | `в–„в–Ҳв–Үв–ғв–Ғв–Ғв–Ү` |
| Perfect Orb of Augmentation | 98% | 0.1275 | 0.0692194 | 0.128903 | `в–Ғв–Ҳв–Үв–…в–Ғв–ғв–Ҳ` |
| Ancient Infuser | 100% | 0.1752 | 0.062026 | 0.1752 | `в–Ғв–ғв–…в–Ӯв–ғв–…в–Ҳ` |
| Orb of Annulment | 100% | 0.5434 | 0.402973 | 0.5434 | `в–…в–Ғв–„в–„в–„в–Ҷв–Ҳ` |
| Architect's Orb | 100% | 2.85 | 1.53301 | 2.85 | `в–Ғв–Ӯв–ғв–…в–Ӯв–Ӯв–Ҳ` |
| Orb of Chance | 100% | 0.1011 | 0.0808368 | 0.1011 | `в–Ҳв–ғв–Ғв–ғв–Ӯв–„в–Ҳ` |
| Core Destabiliser | 100% | 0.4091 | 0.125667 | 0.4091 | `в–Ғв–Ӯв–„в–„в–Ҷв–Ҷв–Ҳ` |
| Crystallised Corruption | 100% | 1.49 | 0.466172 | 1.49 | `в–Ғв–Ӯв–„в–„в–„в–Ҷв–Ҳ` |
| Divine Orb | 100% | 1 | 0.656105 | 1 | `в–Ғв–Ӯв–Ӯв–ғв–ғв–…в–Ҳ` |
| Greater Chaos Orb | 100% | 0.3278 | 0.209725 | 0.3278 | `в–Ӯв–Ғв–Ғв–Ғв–Ӯв–„в–Ҳ` |
| Greater Exalted Orb | 100% | 0.1437 | 0.0591324 | 0.1437 | `в–ғв–Ғв–Ӯв–Ӯв–Ӯв–Ӯв–Ҳ` |
| Mirror of Kalandra | 100% | 1340 | 1099.98 | 1340 | `   в–Ғ в–„в–Ҳ` |
| Perfect Regal Orb | 100% | 0.2759 | 0.197071 | 0.2759 | `в–Ғв–„в–Ҷв–Ғв–Үв–…в–Ҳ` |
| Vaal Armourer's Infuser | 100% | 0.5422 | 0.259221 | 0.5422 | `в–Ӯв–ғв–Ғв–…в–…в–„в–Ҳ` |
| Vaal Cultivation Orb | 100% | 1.41 | 0.457359 | 1.41 | `в–Ғв–Ӯв–Ӯв–…в–„в–Ҷв–Ҳ` |

### Currency вҖ” near 7d high (running hot)

| Item | pos | now (div) | low | high | trace |
|---|--:|--:|--:|--:|---|
| Ancient Infuser | 100% | 0.1752 | 0.062026 | 0.1752 | `в–Ғв–ғв–…в–Ӯв–ғв–…в–Ҳ` |
| Orb of Annulment | 100% | 0.5434 | 0.402973 | 0.5434 | `в–…в–Ғв–„в–„в–„в–Ҷв–Ҳ` |
| Architect's Orb | 100% | 2.85 | 1.53301 | 2.85 | `в–Ғв–Ӯв–ғв–…в–Ӯв–Ӯв–Ҳ` |
| Orb of Chance | 100% | 0.1011 | 0.0808368 | 0.1011 | `в–Ҳв–ғв–Ғв–ғв–Ӯв–„в–Ҳ` |
| Core Destabiliser | 100% | 0.4091 | 0.125667 | 0.4091 | `в–Ғв–Ӯв–„в–„в–Ҷв–Ҷв–Ҳ` |
| Crystallised Corruption | 100% | 1.49 | 0.466172 | 1.49 | `в–Ғв–Ӯв–„в–„в–„в–Ҷв–Ҳ` |
| Divine Orb | 100% | 1 | 0.656105 | 1 | `в–Ғв–Ӯв–Ӯв–ғв–ғв–…в–Ҳ` |
| Greater Chaos Orb | 100% | 0.3278 | 0.209725 | 0.3278 | `в–Ӯв–Ғв–Ғв–Ғв–Ӯв–„в–Ҳ` |
| Greater Exalted Orb | 100% | 0.1437 | 0.0591324 | 0.1437 | `в–ғв–Ғв–Ӯв–Ӯв–Ӯв–Ӯв–Ҳ` |
| Mirror of Kalandra | 100% | 1340 | 1099.98 | 1340 | `   в–Ғ в–„в–Ҳ` |
| Perfect Regal Orb | 100% | 0.2759 | 0.197071 | 0.2759 | `в–Ғв–„в–Ҷв–Ғв–Үв–…в–Ҳ` |
| Vaal Armourer's Infuser | 100% | 0.5422 | 0.259221 | 0.5422 | `в–Ӯв–ғв–Ғв–…в–…в–„в–Ҳ` |
| Vaal Cultivation Orb | 100% | 1.41 | 0.457359 | 1.41 | `в–Ғв–Ӯв–Ӯв–…в–„в–Ҷв–Ҳ` |
| Perfect Orb of Augmentation | 98% | 0.1275 | 0.0692194 | 0.128903 | `в–Ғв–Ҳв–Үв–…в–Ғв–ғв–Ҳ` |
| Perfect Orb of Transmutation | 93% | 0.08572 | 0.0659597 | 0.0873134 | `в–„в–Ҳв–Үв–ғв–Ғв–Ғв–Ү` |
| Fracturing Orb | 77% | 8.31 | 5.63288 | 9.11635 | `в–Ғв–Ғв–Ӯв–Ҷв–Ҳв–Ҳв–Ҷ` |
| Chaos Orb | 75% | 0.1311 | 0.113662 | 0.136969 | `в–Ҳв–Ҷв–Ғв–Ғв–ғв–ғв–Ҷ` |
| Hinekora's Lock | 49% | 299 | 221.354 | 379.919 | `в–Ғв–Ғв–ғв–Ҳв–Үв–„в–„` |
| Perfect Exalted Orb | 18% | 3.77 | 3.60792 | 4.497 | `в–Ҳв–Ӯв–Ғв–Ӯв–ғв–„в–Ӯ` |
| Perfect Chaos Orb | 18% | 3.61 | 3.427 | 4.45559 | `в–Ҳв–ғв–…в–Ғв–Ҷв–„в–Ӯ` |
| Vaal Blacksmith's Infuser | 0% | 1 | 1 | 1.49993 | `    в–Ҳ в–Ғ` |

### Unique вҖ” near 7d low (buy candidates)

| Item | pos | now (div) | low | high | trace |
|---|--:|--:|--:|--:|---|
| Berek's Respite | 0% | 2 | 2 | 2.38493 | `в–Ҳв–Ҳв–ғв–Ғв–Ғв–Ғв–Ғ` |
| Bursting Decay | 0% | 7 | 7 | 11.9992 | `в–Үв–Ҳв–„в–„в–„в–Ғв–Ғ` |
| Cracklecreep | 0% | 0.09027 | 0.09027 | 0.132497 | `в–Ҳв–Ҳв–…в–…в–…в–„в–Ғ` |
| Death Rush | 0% | 0.09027 | 0.09027 | 0.132497 | `в–Ҳв–Үв–„в–…в–…в–„в–Ғ` |
| Eventide Petals | 0% | 0.5292 | 0.5292 | 0.922837 | `в–Ҷв–Ҳв–ғв–Ӯв–…в–…в–Ғ` |
| Icefang Orbit | 0% | 0.09027 | 0.09027 | 0.154308 | `в–Ҳв–…в–ғв–ғв–„в–ғв–Ғ` |
| Ligurium Talisman | 0% | 0.09027 | 0.09027 | 0.132497 | `в–Ҳв–Ҳв–…в–…в–…в–„в–Ғ` |
| Mageblood | 0% | 575 | 575 | 700.044 | `в–Ӯв–Үв–Ҳв–Ҷв–„в–Ӯв–Ғ` |
| Midnight Braid | 0% | 0.09027 | 0.09027 | 0.154308 | `в–Ҳв–…в–ғв–„в–„в–ғв–Ғ` |
| Ming's Heart | 0% | 0.09027 | 0.09027 | 0.132497 | `в–Ҳв–Үв–„в–…в–…в–„в–Ғ` |
| Revered Resin | 0% | 0.09027 | 0.09027 | 0.132497 | `в–Ҳв–Үв–„в–…в–…в–„в–Ғ` |
| Rondel of Fragility | 0% | 0.09027 | 0.09027 | 0.132497 | `в–Ҳв–Үв–„в–…в–…в–„в–Ғ` |
| Soul Tether | 0% | 0.09027 | 0.09027 | 0.132497 | `в–Ҳв–Үв–„в–…в–…в–„в–Ғ` |
| The Burrower | 0% | 0.09027 | 0.09027 | 0.132497 | `в–Ҳв–Үв–„в–…в–…в–„в–Ғ` |
| Venopuncture | 0% | 0.09027 | 0.09027 | 0.132497 | `в–Ҳв–Үв–„в–…в–…в–„в–Ғ` |
| Vigilant View | 0% | 0.04225 | 0.04225 | 0.0651503 | `в–Ҳв–Үв–Ҷв–Ҷв–…в–„в–Ғ` |
| Whisper of the Brotherhood | 0% | 0.09027 | 0.09027 | 0.132497 | `в–Ҳв–Үв–„в–…в–…в–„в–Ғ` |
| Zerphi's Genesis | 0% | 0.04225 | 0.04225 | 0.0651503 | `в–Ҳв–Үв–Ҷв–Ҷв–…в–„в–Ғ` |
| Birth of Fury | 0% | 0.04225 | 0.04225 | 0.0552576 | `в–„в–Ҳв–Үв–Ҷв–…в–…в–Ғ` |
| Bitterbloom | 0% | 0.09027 | 0.09027 | 0.132497 | `в–Ҳв–Үв–„в–…в–…в–„в–Ғ` |
| Black Sun Crest | 0% | 0.09027 | 0.09027 | 0.132497 | `в–Ҳв–Үв–„в–…в–…в–„в–Ғ` |
| Bones of Ullr | 0% | 0.2542 | 0.2542 | 0.481609 | `в–…в–ғв–„в–„в–Ҳв–…в–Ғ` |
| Bristleboar | 0% | 0.09027 | 0.09027 | 0.132497 | `в–Ҳв–Үв–„в–…в–…в–„в–Ғ` |
| Bushwhack | 0% | 0.09027 | 0.09027 | 0.132497 | `в–Ҳв–Үв–„в–…в–…в–„в–Ғ` |
| Cadiro's Gambit | 0% | 1.65 | 1.65 | 3.70454 | `в–Ҳв–…в–ғв–ғв–Ғв–Ӯв–Ғ` |

### Unique вҖ” near 7d high (running hot)

| Item | pos | now (div) | low | high | trace |
|---|--:|--:|--:|--:|---|
| Astramentis | 100% | 2.39 | 1.26245 | 2.39 | `в–ғв–Ғв–Ғв–„в–Ҷв–Үв–Ҳ` |
| Eye of Chayula | 100% | 0.1271 | 0.0110304 | 0.1271 | `в–Ғв–Ғв–Ғв–Ғв–Ғв–Үв–Ҳ` |
| Fixation of Yix | 100% | 0.1271 | 0.0651494 | 0.1271 | `в–Ғв–„в–Үв–Ҷв–Үв–Үв–Ҳ` |
| Hinekora's Sight | 100% | 0.1271 | 0.0110304 | 0.1271 | `в–Ғв–Ғв–Ғв–Ғв–Ғв–Ҷв–Ҳ` |
| Idol of Uldurn | 100% | 0.1271 | 0.0491219 | 0.1271 | `в–Ғв–Ғв–Ӯв–…в–„в–Үв–Ҳ` |
| Levinstone | 100% | 0.169 | 0.1103 | 0.169 | `в–ғв–„в–Ӯв–Ғв–Ғв–Ғв–Ҳ` |
| Original Sin | 100% | 0.8897 | 0.38432 | 0.8897 | `в–Ғв–Ғв–Ӯв–Ғв–ғв–…в–Ҳ` |
| Perandus Seal | 100% | 0.1271 | 0.0613968 | 0.1271 | `в–Ғв–Ғв–ғв–ғв–Үв–Үв–Ҳ` |
| The Anvil | 100% | 0.1271 | 0.0441199 | 0.1271 | `в–ғв–Ӯв–Ӯв–Ӯв–Ғв–„в–Ҳ` |
| Thief's Torment | 100% | 0.1505 | 0.0585517 | 0.1505 | `в–Ӯв–Ғв–Ғв–…в–ғв–ғв–Ҳ` |
| Ungil's Harmony | 100% | 0.1271 | 0.0385619 | 0.1271 | `в–Ғв–Ӯв–Үв–Үв–Үв–Үв–Ҳ` |
| Xoph's Blood | 100% | 0.2415 | 0.0585476 | 0.2415 | `в–Ғв–Ғв–Ғв–…в–ғв–ғв–Ҳ` |
| Alkem Eira | 100% | 0.1271 | 0.0117103 | 0.1271 | `в–Ғв–Ғв–Ғв–Үв–Ҳв–Ҳв–Ҳ` |
| Apron of Emiran | 100% | 0.1271 | 0.0117106 | 0.1271 | `в–Ғв–Ғв–Ғв–Үв–Ҳв–Ҳв–Ҳ` |
| Assailum | 100% | 0.1271 | 0.0638595 | 0.1271 | `в–Ғв–Ғв–ғв–ғв–„в–Ҳв–Ҳ` |
| Atsak's Sight | 100% | 0.1271 | 0.02456 | 0.1271 | `в–Ғв–Ғв–Ӯв–Үв–Ҳв–Ҳв–Ҳ` |
| Blueflame Bracers | 100% | 0.1271 | 0.0117106 | 0.1271 | `в–Ғв–Ғв–Ғв–Үв–Ҳв–Ҳв–Ҳ` |
| Carrion Call | 100% | 0.1271 | 0.0110317 | 0.1271 | `в–Ӯв–Ӯв–Ӯв–Ғв–Ғв–Ҳв–Ҳ` |
| Cornathaum | 100% | 0.2539 | 0.0585377 | 0.2539 | `в–Ғв–Ғв–Ғв–Ӯв–ғв–Ҳв–Ҳ` |
| Couture of Crimson | 100% | 0.1271 | 0.0351245 | 0.1271 | `в–Ғв–Ҷв–Ғв–Үв–Үв–Ҳв–Ҳ` |
| Crown of Eyes | 100% | 0.2542 | 0.224601 | 0.2542 | `в–„в–Үв–ғв–Ғв–…в–Үв–Ҳ` |
| Decree of Acuity | 100% | 0.2542 | 0.112298 | 0.2542 | `в–Ӯв–Ӯв–Үв–Ғв–Үв–Ҳв–Ҳ` |
| Drillneck | 100% | 0.1271 | 0.0232141 | 0.1271 | `в–ғв–…в–„в–ғв–Ӯв–Ғв–Ҳ` |
| Forgotten Warden | 100% | 1 | 0.694809 | 1 | `в–ғв–ғв–Ғв–Ҳв–Үв–Ҳв–Ҳ` |
| Foxshade | 100% | 0.1271 | 0.0614031 | 0.1271 | `в–Үв–Ғв–Ӯв–Ҷв–Үв–Ҳв–Ҳ` |
