---
type: poe2-signal-brief
league: "HC Runes of Aldur"
league_day: 25
generated: 2026-06-23T21:05:20Z
snapshots: 38
currency_signals: 1
unique_signals: 18
tags: [poe2, market-signal]
---

# PoE2 Signal Brief ‚ÄĒ HC Runes of Aldur

> Day 25 ¬∑ generated 2026-06-23T21:05:20Z ¬∑ 38 snapshot(s) ¬∑ 47 currencies / 614 uniques tracked ¬∑ values in Divine ¬∑ 1 div = 99 ex (live)

Decision-support only. Momentum is run-#1 sparkline z-score; movers are absolute %-change from our own snapshot history.

## Currency momentum (|z| ‚Č• 2.0, vol ‚Č• 1.0)

| Currency | z | 7d % | value (div) | volume |
|---|--:|--:|--:|--:|
| Greater Chaos Orb | +2.16 | ūüüĘ 66.73 | 0.3201 | 74.26 |

## Unique momentum (|z| ‚Č• 2.0, listings ‚Č• 5)

| Item | Type | z | 7d % | value (div) | listings |
|---|---|--:|--:|--:|--:|
| Tabula Rasa | Armours | +2.35 | ūüüĘ 832.5 | 37.3 | 6 |
| Carrion Call | Armours | +2.42 | ūüüĘ 789.9 | 0.1172 | 122 |
| Eye of Chayula | Accessories | +2.45 | ūüüĘ 708.7 | 0.1065 | 89 |
| The Empty Roar | Weapons | +2.45 | ūüüĘ 563.8 | 0.08868 | 126 |
| Hinekora's Sight | Accessories | +2.42 | ūüüĘ 304 | 0.0958 | 108 |
| Cornathaum | Armours | +2.32 | ūüüĘ 256 | 0.2344 | 37 |
| Andvarius | Accessories | +2.23 | ūüüĘ 147.7 | 0.586 | 108 |
| Original Sin | Accessories | +2.04 | ūüüĘ 112.3 | 0.7032 | 60 |
| Assailum | Armours | +2.02 | ūüüĘ 68.75 | 0.1111 | 54 |
| Death's Harp | Weapons | +2.15 | ūüüĘ 27.25 | 0.051 | 39 |
| Decree of Flight | Armours | -2.45 | ūüĒī -7.18 | 0.9282 | 110 |
| Flesh Crucible | Jewels | -2.36 | ūüĒī -12.57 | 0.8743 | 125 |
| Goldrim | Armours | -2.07 | ūüĒī -23.45 | 0.3985 | 5 |
| Duality | Weapons | -2.45 | ūüĒī -23.74 | 0.7626 | 82 |
| Tyranny's Grip | Weapons | -2.11 | ūüĒī -29.33 | 0.2529 | 44 |
| Lavianga's Spirits | Flasks | -2.11 | ūüĒī -32.45 | 0.3516 | 237 |
| Prism Guardian | Armours | -2.04 | ūüĒī -41.4 | 0.586 | 130 |
| Hysseg's Claw | Weapons | -2.15 | ūüĒī -69.19 | 0.2335 | 6 |

## Currency movers (24h)

| Item | % | from | to |
|---|--:|--:|--:|
| Vaal Catalysing Infuser | ūüüĘ +50.14 | 0.4894 | 0.7348 |
| Ancient Infuser | ūüüĘ +38.22 | 0.107 | 0.1479 |
| Perfect Orb of Augmentation | ūüüĘ +24.12 | 0.08516 | 0.1057 |
| Mirror of Kalandra | ūüüĘ +22.27 | 1100 | 1345 |
| Perfect Jeweller's Orb | ūüüĘ +20.00 | 1.55 | 1.86 |
| Perfect Chaos Orb | ūüĒī -16.35 | 4.71 | 3.94 |
| Vaal Armourer's Infuser | ūüĒī -17.30 | 0.5792 | 0.479 |
| Hinekora's Lock | ūüĒī -20.09 | 391.7 | 313 |
| Vaal Blacksmith's Infuser | ūüĒī -29.94 | 0.09638 | 0.06752 |
| Cryptic Key | ūüĒī -36.38 | 0.3073 | 0.1955 |
| Orb of Extraction | ūüĒī -38.68 | 0.1944 | 0.1192 |

## Unique movers (24h)

| Item | % | from | to |
|---|--:|--:|--:|
| Birthright Buckle | ūüüĘ +2040.32 | 0.00506 | 0.1083 |
| Double Vision | ūüüĘ +1001.55 | 0.00902 | 0.09936 |
| Carrion Call | ūüüĘ +935.34 | 0.01132 | 0.1172 |
| Eye of Chayula | ūüüĘ +840.81 | 0.01132 | 0.1065 |
| Hinekora's Sight | ūüüĘ +746.29 | 0.01132 | 0.0958 |
| The Empty Roar | ūüüĘ +703.99 | 0.01103 | 0.08868 |
| The Wicked Quill | ūüüĘ +586.31 | 0.01578 | 0.1083 |
| Blackgleam | ūüüĘ +427.17 | 0.01266 | 0.06674 |
| Tabula Rasa | ūüüĘ +328.74 | 8.7 | 37.3 |
| The Knight-errant | ūüüĘ +129.13 | 0.05115 | 0.1172 |
| Doedre's Damning | ūüüĘ +111.36 | 0.1109 | 0.2344 |
| Serpent's Egg | ūüüĘ +111.36 | 0.1109 | 0.2344 |
| Plaguefinger | ūüüĘ +111.36 | 0.1109 | 0.2344 |
| Cornathaum | ūüüĘ +108.73 | 0.1123 | 0.2344 |
| Perandus Seal | ūüüĘ +107.07 | 0.0566 | 0.1172 |
| Crown of Thorns | ūüüĘ +93.61 | 0.3882 | 0.7516 |
| Cloak of Flame | ūüüĘ +90.34 | 0.1687 | 0.3211 |
| Quill Rain | ūüüĘ +84.95 | 0.05515 | 0.102 |
| Skin of the Loyal | ūüüĘ +82.30 | 0.4436 | 0.8087 |
| Atziri's Splendour | ūüüĘ +77.01 | 0.4436 | 0.7852 |
| Andvarius | ūüüĘ +76.13 | 0.3327 | 0.586 |
| Enfolding Dawn | ūüĒī -75.51 | 0.8331 | 0.204 |

## 7-bucket range position (spread ‚Č• 5.0%)

Where today's price sits inside its own decoded ~7-day window. `pos` = 0% at the window low, 100% at the high. Near low = cheap vs recent range; near high = running hot.

### Currency ‚ÄĒ near 7d low (buy candidates)

| Item | pos | now (div) | low | high | trace |
|---|--:|--:|--:|--:|---|
| Perfect Orb of Transmutation | 4% | 0.08424 | 0.0825727 | 0.120843 | `‚Ėą‚ĖĀ‚ĖĄ‚ĖÖ‚ĖĀ‚ĖĀ‚ĖĀ` |
| Perfect Exalted Orb | 13% | 3.71 | 3.57476 | 4.64373 | `‚ĖÉ‚Ėą‚ĖÉ‚ĖĀ‚Ėā‚Ėā‚Ėā` |
| Vaal Blacksmith's Infuser | 24% | 0.06752 | 0.0550854 | 0.105953 | `‚Ėą‚Ėą‚Ėá‚ĖÖ‚ĖĀ‚ĖÜ‚ĖÉ` |
| Greater Exalted Orb | 26% | 0.08707 | 0.0740777 | 0.124421 | `‚Ėą‚ĖĄ‚ĖĀ‚Ėā‚Ėā‚Ėā‚ĖÉ` |
| Perfect Chaos Orb | 33% | 3.94 | 3.55299 | 4.73375 | `‚Ėā‚Ėą‚ĖÉ‚ĖÜ‚ĖĀ‚ĖÜ‚ĖÉ` |
| Orb of Chance | 47% | 0.1084 | 0.0905233 | 0.128742 | `‚ĖĄ‚Ėą‚ĖÉ‚ĖĀ‚ĖÉ‚ĖÉ‚ĖĄ` |
| Perfect Orb of Augmentation | 47% | 0.1057 | 0.0782712 | 0.136839 | `‚ĖÉ‚ĖĀ‚Ėá‚Ėą‚Ėą‚ĖĀ‚ĖĄ` |
| Chaos Orb | 52% | 0.1255 | 0.111592 | 0.138583 | `‚ĖÜ‚Ėą‚ĖÖ‚Ėā‚ĖĀ‚ĖĄ‚ĖÖ` |
| Hinekora's Lock | 59% | 313 | 199.482 | 391.653 | `‚ĖĀ‚ĖĀ‚Ėā‚ĖĄ‚Ėą‚Ėą‚ĖÖ` |
| Vaal Cultivation Orb | 74% | 1.47 | 0.806986 | 1.70463 | `‚Ėā‚ĖĀ‚ĖÜ‚ĖÉ‚Ėá‚Ėą‚ĖÜ` |
| Vaal Catalysing Infuser | 79% | 0.7348 | 0.50522 | 0.794887 | `‚Ėą‚ĖÖ‚Ėą‚ĖÉ‚ĖĀ‚Ėā‚Ėá` |
| Vaal Armourer's Infuser | 88% | 0.479 | 0.238807 | 0.512117 | `‚ĖĀ‚Ėā‚ĖÜ‚ĖÉ‚Ėá‚Ėą‚Ėá` |
| Orb of Annulment | 100% | 0.6108 | 0.485399 | 0.6108 | `‚Ėá‚Ėą‚ĖĀ‚ĖÖ‚ĖÖ‚ĖĄ‚Ėą` |
| Architect's Orb | 100% | 1.56 | 0.640646 | 1.56 | `‚ĖĀ‚Ėā‚ĖÉ‚ĖÜ‚Ėá‚Ėá‚Ėą` |
| Core Destabiliser | 100% | 0.3742 | 0.109509 | 0.3742 | `‚ĖĀ‚Ėā‚ĖĄ‚ĖÖ‚Ėá‚Ėá‚Ėą` |
| Crystallised Corruption | 100% | 1.34 | 0.519812 | 1.34 | `‚ĖĀ‚ĖĀ‚Ėā‚ĖÖ‚ĖÖ‚Ėá‚Ėą` |
| Divine Orb | 100% | 1 | 0.755252 | 1 | `‚ĖĀ‚Ėā‚ĖÉ‚ĖĄ‚ĖĄ‚ĖÜ‚Ėą` |
| Fracturing Orb | 100% | 9.22 | 5.66002 | 9.22 | `‚ĖÉ‚ĖĀ‚ĖĀ‚Ėā‚ĖÖ‚Ėą‚Ėą` |
| Greater Chaos Orb | 100% | 0.3201 | 0.231997 | 0.3201 | `‚ĖĀ‚ĖĄ‚ĖÉ‚ĖÉ‚ĖÉ‚ĖĄ‚Ėą` |
| Mirror of Kalandra | 100% | 1345 | 1100 | 1345 | `‚ĖÖ   ‚ĖĀ ‚Ėą` |
| Perfect Regal Orb | 100% | 0.3188 | 0.219077 | 0.3188 | `‚ĖĄ‚ĖĀ‚ĖĄ‚Ėá‚ĖĄ‚Ėą‚Ėą` |

### Currency ‚ÄĒ near 7d high (running hot)

| Item | pos | now (div) | low | high | trace |
|---|--:|--:|--:|--:|---|
| Orb of Annulment | 100% | 0.6108 | 0.485399 | 0.6108 | `‚Ėá‚Ėą‚ĖĀ‚ĖÖ‚ĖÖ‚ĖĄ‚Ėą` |
| Architect's Orb | 100% | 1.56 | 0.640646 | 1.56 | `‚ĖĀ‚Ėā‚ĖÉ‚ĖÜ‚Ėá‚Ėá‚Ėą` |
| Core Destabiliser | 100% | 0.3742 | 0.109509 | 0.3742 | `‚ĖĀ‚Ėā‚ĖĄ‚ĖÖ‚Ėá‚Ėá‚Ėą` |
| Crystallised Corruption | 100% | 1.34 | 0.519812 | 1.34 | `‚ĖĀ‚ĖĀ‚Ėā‚ĖÖ‚ĖÖ‚Ėá‚Ėą` |
| Divine Orb | 100% | 1 | 0.755252 | 1 | `‚ĖĀ‚Ėā‚ĖÉ‚ĖĄ‚ĖĄ‚ĖÜ‚Ėą` |
| Fracturing Orb | 100% | 9.22 | 5.66002 | 9.22 | `‚ĖÉ‚ĖĀ‚ĖĀ‚Ėā‚ĖÖ‚Ėą‚Ėą` |
| Greater Chaos Orb | 100% | 0.3201 | 0.231997 | 0.3201 | `‚ĖĀ‚ĖĄ‚ĖÉ‚ĖÉ‚ĖÉ‚ĖĄ‚Ėą` |
| Mirror of Kalandra | 100% | 1345 | 1100 | 1345 | `‚ĖÖ   ‚ĖĀ ‚Ėą` |
| Perfect Regal Orb | 100% | 0.3188 | 0.219077 | 0.3188 | `‚ĖĄ‚ĖĀ‚ĖĄ‚Ėá‚ĖĄ‚Ėą‚Ėą` |
| Vaal Armourer's Infuser | 88% | 0.479 | 0.238807 | 0.512117 | `‚ĖĀ‚Ėā‚ĖÜ‚ĖÉ‚Ėá‚Ėą‚Ėá` |
| Vaal Catalysing Infuser | 79% | 0.7348 | 0.50522 | 0.794887 | `‚Ėą‚ĖÖ‚Ėą‚ĖÉ‚ĖĀ‚Ėā‚Ėá` |
| Vaal Cultivation Orb | 74% | 1.47 | 0.806986 | 1.70463 | `‚Ėā‚ĖĀ‚ĖÜ‚ĖÉ‚Ėá‚Ėą‚ĖÜ` |
| Hinekora's Lock | 59% | 313 | 199.482 | 391.653 | `‚ĖĀ‚ĖĀ‚Ėā‚ĖĄ‚Ėą‚Ėą‚ĖÖ` |
| Chaos Orb | 52% | 0.1255 | 0.111592 | 0.138583 | `‚ĖÜ‚Ėą‚ĖÖ‚Ėā‚ĖĀ‚ĖĄ‚ĖÖ` |
| Perfect Orb of Augmentation | 47% | 0.1057 | 0.0782712 | 0.136839 | `‚ĖÉ‚ĖĀ‚Ėá‚Ėą‚Ėą‚ĖĀ‚ĖĄ` |
| Orb of Chance | 47% | 0.1084 | 0.0905233 | 0.128742 | `‚ĖĄ‚Ėą‚ĖÉ‚ĖĀ‚ĖÉ‚ĖÉ‚ĖĄ` |
| Perfect Chaos Orb | 33% | 3.94 | 3.55299 | 4.73375 | `‚Ėā‚Ėą‚ĖÉ‚ĖÜ‚ĖĀ‚ĖÜ‚ĖÉ` |
| Greater Exalted Orb | 26% | 0.08707 | 0.0740777 | 0.124421 | `‚Ėą‚ĖĄ‚ĖĀ‚Ėā‚Ėā‚Ėā‚ĖÉ` |
| Vaal Blacksmith's Infuser | 24% | 0.06752 | 0.0550854 | 0.105953 | `‚Ėą‚Ėą‚Ėá‚ĖÖ‚ĖĀ‚ĖÜ‚ĖÉ` |
| Perfect Exalted Orb | 13% | 3.71 | 3.57476 | 4.64373 | `‚ĖÉ‚Ėą‚ĖÉ‚ĖĀ‚Ėā‚Ėā‚Ėā` |
| Perfect Orb of Transmutation | 4% | 0.08424 | 0.0825727 | 0.120843 | `‚Ėą‚ĖĀ‚ĖĄ‚ĖÖ‚ĖĀ‚ĖĀ‚ĖĀ` |

### Unique ‚ÄĒ near 7d low (buy candidates)

| Item | pos | now (div) | low | high | trace |
|---|--:|--:|--:|--:|---|
| Berek's Grip | 0% | 1.76 | 1.76 | 3.00341 | `‚Ėą‚Ėą‚Ėá‚ĖĄ‚ĖÖ‚ĖĄ‚ĖĀ` |
| Berek's Respite | 0% | 2 | 2 | 2.385 | `‚ĖĀ‚Ėą‚Ėą‚ĖÉ‚ĖĀ‚ĖĀ‚ĖĀ` |
| Bursting Decay | 0% | 7 | 7 | 11.9998 | `‚ĖÜ‚Ėá‚Ėą‚ĖĄ‚ĖĄ‚ĖĄ‚ĖĀ` |
| Cracklecreep | 0% | 0.1083 | 0.1083 | 0.132492 | `‚ĖĄ‚Ėą‚Ėą‚ĖÉ‚Ėā‚ĖÉ‚ĖĀ` |
| Eventide Petals | 0% | 0.3516 | 0.3516 | 1 | `‚Ėą‚Ėą‚ĖĄ‚ĖÉ‚Ėā‚Ėā‚ĖĀ` |
| Headhunter | 0% | 138 | 138 | 180.008 | `‚ĖÖ‚ĖÖ‚ĖÜ‚Ėá‚Ėą‚ĖÉ‚ĖĀ` |
| Ingenuity | 0% | 0.293 | 0.293 | 0.410754 | `‚ĖÖ‚Ėą‚Ėá‚ĖĀ‚ĖĄ‚ĖÖ‚ĖĀ` |
| Ligurium Talisman | 0% | 0.1083 | 0.1083 | 0.132492 | `‚ĖĄ‚Ėą‚Ėą‚ĖÉ‚Ėā‚ĖÉ‚ĖĀ` |
| Snakepit | 0% | 0.3516 | 0.3516 | 0.525223 | `‚ĖÜ‚ĖÉ‚Ėą‚ĖĄ‚ĖÖ‚ĖĀ‚ĖĀ` |
| The Taming | 0% | 11 | 11 | 14.0006 | `‚ĖĀ‚ĖÉ‚ĖÜ‚Ėą‚Ėā‚ĖĄ‚ĖĀ` |
| Vigilant View | 0% | 0.051 | 0.051 | 0.0658489 | `‚Ėą‚Ėą‚ĖÜ‚ĖÖ‚ĖĄ‚ĖÉ‚ĖĀ` |
| Zerphi's Genesis | 0% | 0.051 | 0.051 | 0.0658489 | `‚Ėą‚Ėą‚ĖÜ‚ĖÖ‚ĖĄ‚ĖÉ‚ĖĀ` |
| Alpha's Howl | 0% | 1.17 | 1.17 | 1.99657 | `‚ĖĄ‚Ėą‚Ėą‚ĖÉ‚ĖĀ‚Ėā‚ĖĀ` |
| Asphyxia's Wrath | 0% | 0.4688 | 0.4688 | 0.9853 | `‚ĖÜ‚Ėá‚ĖÖ‚Ėā‚Ėā‚Ėą‚ĖĀ` |
| Bloodbarrier | 0% | 0.102 | 0.102 | 0.26263 | `‚Ėā‚Ėā‚Ėą‚Ėā‚Ėā‚ĖĀ‚ĖĀ` |
| Cadiro's Gambit | 0% | 1.35 | 1.35 | 3.71568 | `‚Ėá‚Ėą‚ĖÖ‚ĖĄ‚ĖÉ‚Ėā‚ĖĀ` |
| Cospri's Will | 0% | 0.1172 | 0.1172 | 0.224609 | `‚ĖÉ‚Ėā‚Ėā‚Ėą‚Ėą‚ĖĀ‚ĖĀ` |
| Crown of the Pale King | 0% | 0.0612 | 0.0612 | 0.0761082 | `‚ĖÉ‚ĖÉ‚ĖÜ‚ĖÖ‚ĖÖ‚Ėą‚ĖĀ` |
| Decree of Flight | 0% | 0.9282 | 0.9282 | 1 | `‚Ėą‚Ėą‚Ėą‚Ėą‚Ėą‚Ėą‚ĖĀ` |
| Enfolding Dawn | 0% | 0.204 | 0.204 | 0.813685 | `‚ĖÜ‚Ėą‚ĖÖ‚ĖĄ‚Ėá‚ĖÉ‚ĖĀ` |
| Essentia Sanguis | 0% | 0.2344 | 0.2344 | 0.781854 | `‚Ėá‚Ėą‚ĖÖ‚ĖÉ‚Ėā‚ĖÉ‚ĖĀ` |
| Goldrim | 0% | 0.3985 | 0.3985 | 0.583044 | `‚ĖÜ‚Ėą‚Ėá‚ĖÖ‚ĖÖ‚ĖÜ‚ĖĀ` |
| Heatshiver | 0% | 0.05814 | 0.05814 | 0.262636 | `‚Ėá‚ĖĄ‚Ėą‚Ėá‚ĖÉ‚ĖÉ‚ĖĀ` |
| Lightning Coil | 0% | 0.051 | 0.051 | 0.0921909 | `‚Ėą‚ĖÉ‚ĖÉ‚ĖĀ‚Ėā‚ĖĀ‚ĖĀ` |
| Pragmatism | 0% | 0.1172 | 0.1172 | 0.14254 | `‚ĖĀ‚ĖÖ‚Ėą‚ĖĄ‚ĖÖ‚ĖĀ‚ĖĀ` |

### Unique ‚ÄĒ near 7d high (running hot)

| Item | pos | now (div) | low | high | trace |
|---|--:|--:|--:|--:|---|
| Andvarius | 100% | 0.586 | 0.170666 | 0.586 | `‚Ėā‚ĖÉ‚ĖĀ‚Ėā‚Ėā‚ĖĄ‚Ėą` |
| Astramentis | 100% | 2.2 | 1.26035 | 2.2 | `‚ĖÜ‚ĖÉ‚ĖĀ‚ĖĀ‚ĖĄ‚Ėá‚Ėą` |
| Eye of Chayula | 100% | 0.1065 | 0.0110293 | 0.1065 | `‚ĖĀ‚ĖĀ‚ĖĀ‚ĖĀ‚ĖĀ‚ĖĀ‚Ėą` |
| Hinekora's Sight | 100% | 0.0958 | 0.0110312 | 0.0958 | `‚Ėā‚ĖĀ‚ĖĀ‚ĖĀ‚ĖĀ‚ĖĀ‚Ėą` |
| Idol of Uldurn | 100% | 0.1172 | 0.0395145 | 0.1172 | `‚ĖĀ‚Ėā‚Ėā‚ĖÉ‚ĖÜ‚ĖÖ‚Ėą` |
| Original Sin | 100% | 0.7032 | 0.331229 | 0.7032 | `‚ĖĀ‚Ėā‚Ėā‚ĖÉ‚Ėā‚ĖÖ‚Ėą` |
| Ventor's Gamble | 100% | 0.1406 | 0.112274 | 0.1406 | `‚Ėā‚ĖÜ‚ĖÜ‚Ėā‚ĖĀ‚ĖÉ‚Ėą` |
| Yoke of Suffering | 100% | 0.9142 | 0.397504 | 0.9142 | `‚ĖĄ‚ĖĀ‚ĖÉ‚ĖÖ‚ĖÖ‚Ėá‚Ėą` |
| Assailum | 100% | 0.1111 | 0.0638488 | 0.1111 | `‚ĖĀ‚ĖĀ‚ĖĀ‚ĖÉ‚ĖĄ‚ĖĄ‚Ėą` |
| Atziri's Splendour | 100% | 0.7852 | 0.393872 | 0.7852 | `‚ĖÖ‚ĖÜ‚ĖĀ‚ĖÉ‚Ėā‚ĖÉ‚Ėą` |
| Blackbraid | 100% | 0.586 | 0.348176 | 0.586 | `‚Ėā‚ĖĄ‚ĖÖ‚ĖĀ‚Ėá‚ĖĄ‚Ėą` |
| Blackgleam | 100% | 0.06674 | 0.00559019 | 0.06674 | `‚Ėā‚ĖĀ‚ĖĀ‚ĖĀ‚Ėą‚ĖĀ‚Ėą` |
| Carrion Call | 100% | 0.1172 | 0.0110299 | 0.1172 | `‚ĖĀ‚Ėā‚Ėā‚Ėā‚ĖĀ‚ĖĀ‚Ėą` |
| Chernobog's Pillar | 100% | 0.4688 | 0.231614 | 0.4688 | `‚ĖÖ‚ĖÜ‚Ėā‚ĖĀ‚ĖĄ‚Ėą‚Ėą` |
| Cornathaum | 100% | 0.2344 | 0.0585407 | 0.2344 | `‚ĖĀ‚ĖĀ‚ĖĀ‚ĖĀ‚Ėā‚ĖÉ‚Ėą` |
| Eyes of the Runefather | 100% | 0.103 | 0.0368523 | 0.103 | `‚ĖĀ‚ĖĀ‚ĖĀ‚ĖÉ‚ĖÖ‚ĖÜ‚Ėą` |
| Goldrim | 100% | 0.5391 | 0.354881 | 0.5391 | `‚ĖĀ‚ĖÉ‚Ėá‚ĖÖ‚Ėá‚ĖÜ‚Ėą` |
| Hand of Wisdom and Action | 100% | 1 | 0.603318 | 1 | `‚ĖĀ‚Ėā‚ĖÖ‚ĖÉ‚ĖĄ‚Ėą‚Ėą` |
| Loreweave | 100% | 9.5 | 2.99975 | 9.5 | `‚Ėā‚ĖÉ‚Ėā‚ĖĀ‚Ėá‚Ėá‚Ėą` |
| Maligaro's Virtuosity | 100% | 5 | 4.70013 | 5 | `‚ĖĀ‚ĖÉ‚Ėá‚Ėą‚Ėą‚Ėą‚Ėą` |
| Morior Invictus | 100% | 2 | 0.936367 | 2 | `‚ĖÉ‚ĖÖ‚ĖĀ‚Ėą‚Ėą‚Ėą‚Ėą` |
| Perfidy | 100% | 0.7618 | 0.393901 | 0.7618 | `‚ĖÖ‚ĖÖ‚ĖĀ‚ĖÖ‚ĖÜ‚Ėá‚Ėą` |
| Sandstorm Visage | 100% | 1 | 0.6737 | 1 | `‚Ėą‚Ėą‚ĖĄ‚ĖĀ‚Ėą‚Ėą‚Ėą` |
| Tabula Rasa | 100% | 37.3 | 4 | 37.3 | `‚ĖĀ‚ĖĀ‚ĖÉ‚ĖÉ‚Ėā‚Ėā‚Ėą` |
| The Bringer of Rain | 100% | 0.4688 | 0.262598 | 0.4688 | `‚ĖĄ‚ĖÜ‚ĖĀ‚ĖĄ‚ĖĄ‚Ėá‚Ėą` |
