---
type: poe2-signal-brief
league: "HC Runes of Aldur"
league_day: 25
generated: 2026-06-24T15:37:05Z
snapshots: 44
currency_signals: 3
unique_signals: 6
tags: [poe2, market-signal]
---

# PoE2 Signal Brief вЂ” HC Runes of Aldur

> Day 25 В· generated 2026-06-24T15:37:05Z В· 44 snapshot(s) В· 47 currencies / 619 uniques tracked В· values in Divine В· 1 div = 119 ex (live)

Decision-support only. Momentum is run-#1 sparkline z-score; movers are absolute %-change from our own snapshot history.

## Currency momentum (|z| в‰Ґ 2.0, vol в‰Ґ 1.0)

| Currency | z | 7d % | value (div) | volume |
|---|--:|--:|--:|--:|
| Greater Chaos Orb | +2.24 | рџџў 76.65 | 0.3255 | 56.58 |
| Divine Orb | +2.16 | рџџў 58.55 | 1 | 625.8 |
| Vaal Catalysing Infuser | +2.02 | рџџў 19.5 | 0.8373 | 6.28 |

## Unique momentum (|z| в‰Ґ 2.0, listings в‰Ґ 5)

| Item | Type | z | 7d % | value (div) | listings |
|---|---|--:|--:|--:|--:|
| Guiding Palm of the Eye | Weapons | +2.36 | рџџў 156 | 7.68 | 5 |
| For Utopia | Charms | +2.31 | рџџў 150.1 | 0.9109 | 29 |
| Olroth's Resolve | Flasks | +2.17 | рџџў 77.26 | 1.77 | 26 |
| The Anvil | Accessories | +2.20 | рџџў 71.78 | 0.1231 | 102 |
| The Pandemonius | Accessories | +2.06 | рџџў 66.66 | 0.1021 | 84 |
| Maligaro's Virtuosity | Armours | -2.10 | рџ”ґ -3.83 | 4.62 | 83 |

## Currency movers (24h)

| Item | % | from | to |
|---|--:|--:|--:|
| Vaal Siphoner | рџџў +8990.91 | 0.011 | 1 |
| Orb of Extraction | рџџў +77.30 | 0.1304 | 0.2312 |
| Cryptic Key | рџџў +47.88 | 0.208 | 0.3076 |
| Vaal Cultivation Orb | рџџў +38.06 | 1.34 | 1.85 |
| Crystallised Corruption | рџџў +37.12 | 1.32 | 1.81 |
| Architect's Orb | рџџў +29.93 | 1.37 | 1.78 |
| Vaal Catalysing Infuser | рџџў +29.73 | 0.6454 | 0.8373 |
| Perfect Jeweller's Orb | рџџў +21.19 | 1.51 | 1.83 |
| Perfect Regal Orb | рџ”ґ -25.24 | 0.3225 | 0.2411 |
| Vaal Armourer's Infuser | рџ”ґ -25.60 | 0.4352 | 0.3238 |
| Orb of Annulment | рџ”ґ -25.73 | 0.6379 | 0.4738 |
| Perfect Orb of Transmutation | рџ”ґ -33.14 | 0.08905 | 0.05954 |
| Ancient Infuser | рџ”ґ -45.73 | 0.162 | 0.08791 |

## Unique movers (24h)

| Item | % | from | to |
|---|--:|--:|--:|
| Hinekora's Sight | рџџў +1050.47 | 0.0107 | 0.1231 |
| Icetomb | рџџў +784.67 | 0.0107 | 0.09466 |
| The Empty Roar | рџџў +680.00 | 0.0107 | 0.08346 |
| Blackgleam | рџџў +364.26 | 0.01175 | 0.05455 |
| Guiding Palm of the Eye | рџџў +255.56 | 2.16 | 7.68 |
| The Pandemonius | рџџў +240.79 | 0.02996 | 0.1021 |
| Jarngreipr | рџџў +130.09 | 0.0535 | 0.1231 |
| Xoph's Blood | рџџў +126.49 | 0.1087 | 0.2462 |
| For Utopia | рџџў +109.79 | 0.4342 | 0.9109 |
| Guiding Palm of the Mind | рџџў +107.00 | 2 | 4.14 |
| Trampletoe | рџџў +100.98 | 0.1225 | 0.2462 |
| Undying Hate | рџџў +95.00 | 1 | 1.95 |
| Redblade Banner | рџџў +80.74 | 0.05671 | 0.1025 |
| Olroth's Resolve | рџџў +77.00 | 1 | 1.77 |
| Dream Fragments | рџџў +76.11 | 0.5635 | 0.9924 |
| Tabula Rasa | рџџў +74.55 | 11 | 19.2 |
| Skysliver | рџџў +73.33 | 1.5 | 2.6 |
| Guiding Palm of the Heart | рџџў +71.43 | 2.45 | 4.2 |
| Andvarius | рџџў +67.48 | 0.3675 | 0.6155 |
| Hysseg's Claw | рџ”ґ -60.06 | 0.4735 | 0.1891 |
| Atziri's Step | рџ”ґ -66.80 | 0.3675 | 0.122 |

## 7-bucket range position (spread в‰Ґ 5.0%)

Where today's price sits inside its own decoded ~7-day window. `pos` = 0% at the window low, 100% at the high. Near low = cheap vs recent range; near high = running hot.

### Currency вЂ” near 7d low (buy candidates)

| Item | pos | now (div) | low | high | trace |
|---|--:|--:|--:|--:|---|
| Perfect Orb of Transmutation | 0% | 0.05954 | 0.05954 | 0.0858584 | `в–‡в–†в–€в–…в–ѓв–ѓв–Ѓ` |
| Perfect Chaos Orb | 4% | 3.57 | 3.53789 | 4.39642 | `в–€в–ѓв–†в–Ѓв–…в–…в–Ѓ` |
| Orb of Chance | 20% | 0.08571 | 0.0815096 | 0.10304 | `в–€в–Ѓв–Ѓв–ѓв–‚в–ѓв–‚` |
| Perfect Exalted Orb | 35% | 3.82 | 3.55917 | 4.31184 | `в–€в–†в–Ѓв–ѓв–ѓв–„в–ѓ` |
| Vaal Armourer's Infuser | 45% | 0.3238 | 0.223946 | 0.443773 | `в–Ѓв–‡в–‚в–…в–€в–†в–„` |
| Greater Exalted Orb | 54% | 0.07505 | 0.0624341 | 0.085709 | `в–€в–Ѓв–Ѓв–ѓв–‚в–ѓв–…` |
| Perfect Orb of Augmentation | 54% | 0.1008 | 0.0709521 | 0.126012 | `в–Ѓв–…в–‡в–€в–Ѓв–ѓв–…` |
| Orb of Annulment | 59% | 0.4738 | 0.424131 | 0.507882 | `в–†в–Ѓв–Ѓв–„в–ѓв–€в–…` |
| Perfect Regal Orb | 67% | 0.2411 | 0.197299 | 0.263155 | `в–‚в–Ѓв–€в–ѓв–‡в–€в–†` |
| Fracturing Orb | 72% | 8.26 | 5.62467 | 9.3053 | `в–‚в–Ѓв–‚в–„в–‡в–€в–†` |
| Chaos Orb | 75% | 0.1318 | 0.111105 | 0.138872 | `в–€в–†в–ѓв–Ѓв–ѓв–„в–†` |
| Hinekora's Lock | 75% | 340 | 203.046 | 385.827 | `в–Ѓв–‚в–ѓв–„в–€в–…в–†` |
| Core Destabiliser | 92% | 0.2934 | 0.111175 | 0.309355 | `в–Ѓв–ѓв–…в–‡в–€в–€в–‡` |
| Crystallised Corruption | 96% | 1.81 | 0.824131 | 1.84995 | `в–Ѓв–†в–†в–†в–€в–…в–€` |
| Architect's Orb | 100% | 1.78 | 0.570844 | 1.78 | `в–Ѓв–‚в–„в–…в–…в–…в–€` |
| Cryptic Key | 100% | 0.3076 | 0.170973 | 0.3076 | `в–†в–„в–‡в–…в–Ѓв–‚в–€` |
| Divine Orb | 100% | 1 | 0.639294 | 1 | `в–Ѓв–‚в–‚в–ѓв–ѓв–„в–€` |
| Greater Chaos Orb | 100% | 0.3255 | 0.204495 | 0.3255 | `в–‚в–Ѓв–Ѓв–Ѓв–‚в–„в–€` |
| Mirror of Kalandra | 100% | 1340 | 1099.98 | 1340 | `   в–Ѓ в–„в–€` |
| Vaal Catalysing Infuser | 100% | 0.8373 | 0.413745 | 0.8373 | `в–„в–…в–ѓв–Ѓв–Ѓв–„в–€` |
| Vaal Cultivation Orb | 100% | 1.85 | 0.810388 | 1.85 | `в–Ѓв–„в–ѓв–†в–†в–†в–€` |

### Currency вЂ” near 7d high (running hot)

| Item | pos | now (div) | low | high | trace |
|---|--:|--:|--:|--:|---|
| Architect's Orb | 100% | 1.78 | 0.570844 | 1.78 | `в–Ѓв–‚в–„в–…в–…в–…в–€` |
| Cryptic Key | 100% | 0.3076 | 0.170973 | 0.3076 | `в–†в–„в–‡в–…в–Ѓв–‚в–€` |
| Divine Orb | 100% | 1 | 0.639294 | 1 | `в–Ѓв–‚в–‚в–ѓв–ѓв–„в–€` |
| Greater Chaos Orb | 100% | 0.3255 | 0.204495 | 0.3255 | `в–‚в–Ѓв–Ѓв–Ѓв–‚в–„в–€` |
| Mirror of Kalandra | 100% | 1340 | 1099.98 | 1340 | `   в–Ѓ в–„в–€` |
| Vaal Catalysing Infuser | 100% | 0.8373 | 0.413745 | 0.8373 | `в–„в–…в–ѓв–Ѓв–Ѓв–„в–€` |
| Vaal Cultivation Orb | 100% | 1.85 | 0.810388 | 1.85 | `в–Ѓв–„в–ѓв–†в–†в–†в–€` |
| Crystallised Corruption | 96% | 1.81 | 0.824131 | 1.84995 | `в–Ѓв–†в–†в–†в–€в–…в–€` |
| Core Destabiliser | 92% | 0.2934 | 0.111175 | 0.309355 | `в–Ѓв–ѓв–…в–‡в–€в–€в–‡` |
| Hinekora's Lock | 75% | 340 | 203.046 | 385.827 | `в–Ѓв–‚в–ѓв–„в–€в–…в–†` |
| Chaos Orb | 75% | 0.1318 | 0.111105 | 0.138872 | `в–€в–†в–ѓв–Ѓв–ѓв–„в–†` |
| Fracturing Orb | 72% | 8.26 | 5.62467 | 9.3053 | `в–‚в–Ѓв–‚в–„в–‡в–€в–†` |
| Perfect Regal Orb | 67% | 0.2411 | 0.197299 | 0.263155 | `в–‚в–Ѓв–€в–ѓв–‡в–€в–†` |
| Orb of Annulment | 59% | 0.4738 | 0.424131 | 0.507882 | `в–†в–Ѓв–Ѓв–„в–ѓв–€в–…` |
| Perfect Orb of Augmentation | 54% | 0.1008 | 0.0709521 | 0.126012 | `в–Ѓв–…в–‡в–€в–Ѓв–ѓв–…` |
| Greater Exalted Orb | 54% | 0.07505 | 0.0624341 | 0.085709 | `в–€в–Ѓв–Ѓв–ѓв–‚в–ѓв–…` |
| Vaal Armourer's Infuser | 45% | 0.3238 | 0.223946 | 0.443773 | `в–Ѓв–‡в–‚в–…в–€в–†в–„` |
| Perfect Exalted Orb | 35% | 3.82 | 3.55917 | 4.31184 | `в–€в–†в–Ѓв–ѓв–ѓв–„в–ѓ` |
| Orb of Chance | 20% | 0.08571 | 0.0815096 | 0.10304 | `в–€в–Ѓв–Ѓв–ѓв–‚в–ѓв–‚` |
| Perfect Chaos Orb | 4% | 3.57 | 3.53789 | 4.39642 | `в–€в–ѓв–†в–Ѓв–…в–…в–Ѓ` |
| Perfect Orb of Transmutation | 0% | 0.05954 | 0.05954 | 0.0858584 | `в–‡в–†в–€в–…в–ѓв–ѓв–Ѓ` |

### Unique вЂ” near 7d low (buy candidates)

| Item | pos | now (div) | low | high | trace |
|---|--:|--:|--:|--:|---|
| Berek's Pass | 0% | 1.35 | 1.35 | 1.83271 | `в–„в–€в–‡в–‡в–Ѓв–‚в–Ѓ` |
| Berek's Respite | 0% | 1.9 | 1.9 | 2.39024 | `в–€в–€в–„в–‚в–‚в–‚в–Ѓ` |
| Bursting Decay | 0% | 7 | 7 | 11.9992 | `в–‡в–€в–„в–„в–„в–Ѓв–Ѓ` |
| Cracklecreep | 0% | 0.09466 | 0.09466 | 0.132503 | `в–€в–€в–…в–„в–…в–„в–Ѓ` |
| Death Rush | 0% | 0.09466 | 0.09466 | 0.132503 | `в–€в–‡в–ѓв–„в–…в–„в–Ѓ` |
| Icefang Orbit | 0% | 0.09466 | 0.09466 | 0.154295 | `в–€в–…в–ѓв–ѓв–ѓв–ѓв–Ѓ` |
| Ligurium Talisman | 0% | 0.09466 | 0.09466 | 0.132503 | `в–€в–€в–…в–„в–…в–„в–Ѓ` |
| Mageblood | 0% | 598.8 | 598.8 | 700.02 | `в–Ѓв–‡в–€в–†в–ѓв–Ѓв–Ѓ` |
| Midnight Braid | 0% | 0.09466 | 0.09466 | 0.154295 | `в–€в–…в–ѓв–„в–ѓв–ѓв–Ѓ` |
| Ming's Heart | 0% | 0.09466 | 0.09466 | 0.132503 | `в–€в–‡в–ѓв–„в–…в–„в–Ѓ` |
| Revered Resin | 0% | 0.09466 | 0.09466 | 0.132503 | `в–€в–‡в–ѓв–„в–…в–„в–Ѓ` |
| Rondel of Fragility | 0% | 0.09466 | 0.09466 | 0.132503 | `в–€в–‡в–ѓв–„в–…в–„в–Ѓ` |
| Soul Tether | 0% | 0.09466 | 0.09466 | 0.132503 | `в–€в–‡в–ѓв–„в–…в–„в–Ѓ` |
| The Burrower | 0% | 0.09466 | 0.09466 | 0.132503 | `в–€в–‡в–ѓв–„в–…в–„в–Ѓ` |
| The Taming | 0% | 11 | 11 | 13.9999 | `в–ѓв–†в–€в–‚в–„в–Ѓв–Ѓ` |
| Venopuncture | 0% | 0.09466 | 0.09466 | 0.132503 | `в–€в–‡в–ѓв–„в–…в–„в–Ѓ` |
| Vigilant View | 0% | 0.04472 | 0.04472 | 0.0651515 | `в–€в–‡в–†в–…в–…в–ѓв–Ѓ` |
| Whisper of the Brotherhood | 0% | 0.09466 | 0.09466 | 0.132503 | `в–€в–‡в–ѓв–„в–…в–„в–Ѓ` |
| Zerphi's Genesis | 0% | 0.04472 | 0.04472 | 0.0651515 | `в–€в–‡в–†в–…в–…в–ѓв–Ѓ` |
| Birth of Fury | 0% | 0.04472 | 0.04472 | 0.0552608 | `в–‚в–€в–†в–†в–„в–…в–Ѓ` |
| Bitterbloom | 0% | 0.09466 | 0.09466 | 0.132503 | `в–€в–‡в–ѓв–„в–…в–„в–Ѓ` |
| Black Sun Crest | 0% | 0.09466 | 0.09466 | 0.132503 | `в–€в–‡в–ѓв–„в–…в–„в–Ѓ` |
| Bloodbarrier | 0% | 0.09953 | 0.09953 | 0.262538 | `в–‚в–€в–‚в–‚в–Ѓв–Ѓв–Ѓ` |
| Bristleboar | 0% | 0.09466 | 0.09466 | 0.132503 | `в–€в–‡в–ѓв–„в–…в–„в–Ѓ` |
| Bushwhack | 0% | 0.09466 | 0.09466 | 0.132503 | `в–€в–‡в–ѓв–„в–…в–„в–Ѓ` |

### Unique вЂ” near 7d high (running hot)

| Item | pos | now (div) | low | high | trace |
|---|--:|--:|--:|--:|---|
| Andvarius | 100% | 0.6155 | 0.17066 | 0.6155 | `в–‚в–Ѓв–‚в–‚в–„в–€в–€` |
| Dream Fragments | 100% | 0.9924 | 0.33686 | 0.9924 | `в–‡в–„в–ѓв–Ѓв–ѓв–Ѓв–€` |
| Eye of Chayula | 100% | 0.1231 | 0.0110304 | 0.1231 | `в–Ѓв–Ѓв–Ѓв–Ѓв–Ѓв–‡в–€` |
| Fixation of Yix | 100% | 0.1231 | 0.0651495 | 0.1231 | `в–Ѓв–„в–‡в–‡в–€в–‡в–€` |
| Hinekora's Sight | 100% | 0.1231 | 0.0110304 | 0.1231 | `в–Ѓв–Ѓв–Ѓв–Ѓв–Ѓв–†в–€` |
| Idol of Uldurn | 100% | 0.1231 | 0.0491261 | 0.1231 | `в–Ѓв–Ѓв–‚в–…в–„в–‡в–€` |
| Levinstone | 100% | 0.1449 | 0.110314 | 0.1449 | `в–…в–…в–‚в–Ѓв–Ѓв–‚в–€` |
| Original Sin | 100% | 0.7386 | 0.384247 | 0.7386 | `в–Ѓв–Ѓв–ѓв–Ѓв–„в–‡в–€` |
| Perandus Seal | 100% | 0.1231 | 0.0613969 | 0.1231 | `в–Ѓв–Ѓв–ѓв–ѓв–€в–‡в–€` |
| The Anvil | 100% | 0.1231 | 0.0441219 | 0.1231 | `в–ѓв–‚в–‚в–‚в–Ѓв–„в–€` |
| The Pandemonius | 100% | 0.1021 | 0.0285728 | 0.1021 | `в–„в–„в–ѓв–Ѓв–Ѓв–Ѓв–€` |
| Ungil's Harmony | 100% | 0.1231 | 0.0385652 | 0.1231 | `в–Ѓв–‚в–‡в–‡в–€в–€в–€` |
| Xoph's Blood | 100% | 0.2462 | 0.0585499 | 0.2462 | `в–Ѓв–Ѓв–Ѓв–…в–ѓв–ѓв–€` |
| Hand of Wisdom and Action | 100% | 1 | 0.636011 | 1 | `в–Ѓв–…в–‚в–„в–€в–€в–€` |
| Sandstorm Visage | 100% | 1 | 0.6737 | 1 | `в–€в–„в–Ѓв–€в–€в–€в–€` |
| For Utopia | 100% | 0.9109 | 0.328412 | 0.9109 | `в–Ѓв–ѓв–Ѓв–Ѓв–‚в–ѓв–€` |
| Forsaken Bangle | 100% | 0.3693 | 0.262586 | 0.3693 | `в–Ѓв–Ѓв–„в–†в–…в–‡в–€` |
| The Fall of the Axe | 100% | 1.72 | 1.23283 | 1.72 | `в–†в–†в–‚в–Ѓв–Ѓв–€в–€` |
| Olroth's Resolve | 100% | 1.77 | 0.527026 | 1.77 | `в–„в–„в–ѓв–Ѓв–„в–„в–€` |
| Against the Darkness | 100% | 4 | 3.00008 | 4 | `в–Ѓв–Ѓв–Ѓв–Ѓв–€в–€в–€` |
| Heart of the Well | 100% | 0.6155 | 0.336887 | 0.6155 | `в–ѓв–†в–Ѓв–Ѓв–€в–„в–€` |
| Heroic Tragedy | 100% | 3 | 2 | 3 | `в–Ѓв–Ѓв–Ѓв–Ѓв–€в–€в–€` |
| Guiding Palm of the Eye | 100% | 7.68 | 2.0001 | 7.68 | `в–‚в–Ѓв–Ѓв–‚в–‚в–ѓв–€` |
| Guiding Palm of the Heart | 100% | 4.2 | 1.48729 | 4.2 | `в–ѓв–Ѓв–Ѓв–ѓв–„в–†в–€` |
| Guiding Palm of the Mind | 100% | 4.14 | 1.396 | 4.14 | `в–…в–ѓв–Ѓв–„в–„в–€в–€` |
