---
type: poe2-signal-brief
league: "HC Runes of Aldur"
league_day: 24
generated: 2026-06-23T08:36:39Z
snapshots: 34
currency_signals: 0
unique_signals: 3
tags: [poe2, market-signal]
---

# PoE2 Signal Brief вҖ” HC Runes of Aldur

> Day 24 В· generated 2026-06-23T08:36:39Z В· 34 snapshot(s) В· 47 currencies / 612 uniques tracked В· values in Divine В· 1 div = 94 ex (live)

Decision-support only. Momentum is run-#1 sparkline z-score; movers are absolute %-change from our own snapshot history.

## Currency momentum (|z| вүҘ 2.0, vol вүҘ 1.0)

_No signals above threshold._

## Unique momentum (|z| вүҘ 2.0, listings вүҘ 5)

| Item | Type | z | 7d % | value (div) | listings |
|---|---|--:|--:|--:|--:|
| Carrion Call | Armours | +2.42 | рҹҹў 861.3 | 0.1266 | 120 |
| Eye of Chayula | Accessories | +2.45 | рҹҹў 773.4 | 0.115 | 89 |
| Cornathaum | Armours | +2.34 | рҹҹў 284.5 | 0.2532 | 38 |

## Currency movers (24h)

| Item | % | from | to |
|---|--:|--:|--:|
| Core Destabiliser | рҹҹў +91.36 | 0.2708 | 0.5182 |
| Ancient Infuser | рҹҹў +53.72 | 0.1076 | 0.1654 |
| Vaal Catalysing Infuser | рҹҹў +35.70 | 0.5795 | 0.7864 |
| Cryptic Key | рҹҹў +25.79 | 0.1679 | 0.2112 |
| Perfect Chaos Orb | рҹҹў +20.53 | 3.41 | 4.11 |
| Perfect Regal Orb | рҹҹў +19.63 | 0.2786 | 0.3333 |
| Vaal Blacksmith's Infuser | рҹҹў +19.49 | 0.06805 | 0.08131 |
| Orb of Chance | рҹ”ҙ -15.96 | 0.1234 | 0.1037 |
| Orb of Extraction | рҹ”ҙ -17.44 | 0.1875 | 0.1548 |
| Perfect Jeweller's Orb | рҹ”ҙ -19.89 | 1.86 | 1.49 |
| Perfect Orb of Augmentation | рҹ”ҙ -22.92 | 0.1147 | 0.08841 |
| Vaal Armourer's Infuser | рҹ”ҙ -33.82 | 0.6877 | 0.4551 |

## Unique movers (24h)

| Item | % | from | to |
|---|--:|--:|--:|
| Birthright Buckle | рҹҹў +1804.74 | 0.00506 | 0.09638 |
| Carrion Call | рҹҹў +998.01 | 0.01153 | 0.1266 |
| Eye of Chayula | рҹҹў +897.40 | 0.01153 | 0.115 |
| Double Vision | рҹҹў +579.76 | 0.01067 | 0.07253 |
| The Wicked Quill | рҹҹў +340.70 | 0.02187 | 0.09638 |
| Yriel's Fostering | рҹҹў +266.00 | 0.03459 | 0.1266 |
| Vestige of Darkness | рҹҹў +238.20 | 0.1123 | 0.3798 |
| Cornathaum | рҹҹў +192.78 | 0.08648 | 0.2532 |
| The Hammer of Faith | рҹҹў +158.01 | 0.7364 | 1.9 |
| Decree of Acuity | рҹҹў +125.47 | 0.1123 | 0.2532 |
| Wanderlust | рҹҹў +125.47 | 0.1123 | 0.2532 |
| Font of Power | рҹҹў +114.94 | 0.05048 | 0.1085 |
| Cloak of Flame | рҹҹў +101.46 | 0.1718 | 0.3461 |
| Defiance of Destiny | рҹҹў +101.34 | 0.3144 | 0.633 |
| The Black Insignia | рҹҹў +89.59 | 0.04612 | 0.08744 |
| Olroth's Resolve | рҹҹў +89.47 | 0.5278 | 1 |
| Chernobog's Pillar | рҹҹў +87.89 | 0.3369 | 0.633 |
| Heart of the Well | рҹҹў +87.89 | 0.3369 | 0.633 |
| Jarngreipr | рҹҹў +87.06 | 0.06768 | 0.1266 |

## 7-bucket range position (spread вүҘ 5.0%)

Where today's price sits inside its own decoded ~7-day window. `pos` = 0% at the window low, 100% at the high. Near low = cheap vs recent range; near high = running hot.

### Currency вҖ” near 7d low (buy candidates)

| Item | pos | now (div) | low | high | trace |
|---|--:|--:|--:|--:|---|
| Perfect Orb of Augmentation | 0% | 0.08841 | 0.08841 | 0.156704 | `в–ғв–Ӯв–ғв–Ҳв–Ҳв–Ӯв–Ғ` |
| Perfect Orb of Transmutation | 3% | 0.0842 | 0.0829237 | 0.128762 | `в–Ҳв–Ҷв–ғв–Ҷв–„в–Ғв–Ғ` |
| Orb of Chance | 4% | 0.1037 | 0.102909 | 0.124536 | `в–ғв–Ҳв–Ҷв–„в–Ғв–ғв–Ғ` |
| Greater Exalted Orb | 16% | 0.08754 | 0.077251 | 0.142136 | `в–Ҳв–Ҷв–Ӯв–Ғв–Ӯв–Ғв–Ӯ` |
| Vaal Blacksmith's Infuser | 18% | 0.08131 | 0.0665063 | 0.148795 | `в–Ҳв–ғв–…в–ғв–Ғв–Ӯв–Ӯ` |
| Perfect Exalted Orb | 37% | 3.9 | 3.55627 | 4.48894 | `в–Ҷв–ғв–Ҳв–Ғв–Ӯв–ғв–„` |
| Chaos Orb | 41% | 0.1226 | 0.112387 | 0.137231 | `в–ғв–Ҳв–Ҳв–ғв–Ғв–Ғв–„` |
| Mirror of Kalandra | 62% | 1100 | 859.98 | 1249.98 | `в–Ғв–„в–Ҳ   в–…` |
| Vaal Armourer's Infuser | 64% | 0.4551 | 0.243706 | 0.575746 | `в–Ғв–Ғв–…в–ғв–„в–Ҳв–…` |
| Hinekora's Lock | 67% | 321 | 200.438 | 379.997 | `в–Ғв–Ғв–Ӯв–Ӯв–„в–Ҳв–Ҷ` |
| Perfect Chaos Orb | 74% | 4.11 | 3.46408 | 4.34122 | `в–Ғв–Ҳв–Үв–Ҷв–„в–ғв–Ҷ` |
| Vaal Catalysing Infuser | 76% | 0.7864 | 0.467891 | 0.885555 | `в–Ҳв–Үв–Ҷв–Үв–Ӯв–Ғв–Ҷ` |
| Perfect Regal Orb | 79% | 0.3333 | 0.237183 | 0.359334 | `в–Ҳв–„в–Ғв–Ҷв–…в–Ҷв–Ү` |
| Perfect Jeweller's Orb | 81% | 1.49 | 1.21581 | 1.5555 | `в–Ӯв–Ғв–ғв–„в–…в–Ҳв–Ү` |
| Architect's Orb | 87% | 1.42 | 0.711809 | 1.5227 | `в–Ӯв–Ғв–Ӯв–Ҷв–Үв–Ҳв–Ү` |
| Orb of Annulment | 100% | 0.6417 | 0.485583 | 0.6417 | `в–…в–Ҳв–…в–Ғв–Ҷв–…в–Ҳ` |
| Core Destabiliser | 100% | 0.5182 | 0.0961526 | 0.5182 | `в–Ғв–Ӯв–Ӯв–ғв–…в–„в–Ҳ` |
| Crystallised Corruption | 100% | 1.27 | 0.538478 | 1.27 | `в–Ғв–Ғв–Ӯв–ғв–Үв–Ҷв–Ҳ` |
| Divine Orb | 100% | 1 | 0.801744 | 1 | `в–Ғв–Ғв–ғв–„в–…в–Ҷв–Ҳ` |
| Fracturing Orb | 100% | 9.52 | 5.61704 | 9.52 | `в–ғв–Ӯв–Ғв–Ғв–ғв–Ҷв–Ҳ` |
| Greater Chaos Orb | 100% | 0.3143 | 0.226165 | 0.3143 | `в–Ғв–„в–…в–„в–„в–…в–Ҳ` |
| Vaal Cultivation Orb | 100% | 1.29 | 0.501368 | 1.29 | `в–Ӯв–Ғв–Ӯв–ғв–Ҷв–Ҷв–Ҳ` |

### Currency вҖ” near 7d high (running hot)

| Item | pos | now (div) | low | high | trace |
|---|--:|--:|--:|--:|---|
| Orb of Annulment | 100% | 0.6417 | 0.485583 | 0.6417 | `в–…в–Ҳв–…в–Ғв–Ҷв–…в–Ҳ` |
| Core Destabiliser | 100% | 0.5182 | 0.0961526 | 0.5182 | `в–Ғв–Ӯв–Ӯв–ғв–…в–„в–Ҳ` |
| Crystallised Corruption | 100% | 1.27 | 0.538478 | 1.27 | `в–Ғв–Ғв–Ӯв–ғв–Үв–Ҷв–Ҳ` |
| Divine Orb | 100% | 1 | 0.801744 | 1 | `в–Ғв–Ғв–ғв–„в–…в–Ҷв–Ҳ` |
| Fracturing Orb | 100% | 9.52 | 5.61704 | 9.52 | `в–ғв–Ӯв–Ғв–Ғв–ғв–Ҷв–Ҳ` |
| Greater Chaos Orb | 100% | 0.3143 | 0.226165 | 0.3143 | `в–Ғв–„в–…в–„в–„в–…в–Ҳ` |
| Vaal Cultivation Orb | 100% | 1.29 | 0.501368 | 1.29 | `в–Ӯв–Ғв–Ӯв–ғв–Ҷв–Ҷв–Ҳ` |
| Architect's Orb | 87% | 1.42 | 0.711809 | 1.5227 | `в–Ӯв–Ғв–Ӯв–Ҷв–Үв–Ҳв–Ү` |
| Perfect Jeweller's Orb | 81% | 1.49 | 1.21581 | 1.5555 | `в–Ӯв–Ғв–ғв–„в–…в–Ҳв–Ү` |
| Perfect Regal Orb | 79% | 0.3333 | 0.237183 | 0.359334 | `в–Ҳв–„в–Ғв–Ҷв–…в–Ҷв–Ү` |
| Vaal Catalysing Infuser | 76% | 0.7864 | 0.467891 | 0.885555 | `в–Ҳв–Үв–Ҷв–Үв–Ӯв–Ғв–Ҷ` |
| Perfect Chaos Orb | 74% | 4.11 | 3.46408 | 4.34122 | `в–Ғв–Ҳв–Үв–Ҷв–„в–ғв–Ҷ` |
| Hinekora's Lock | 67% | 321 | 200.438 | 379.997 | `в–Ғв–Ғв–Ӯв–Ӯв–„в–Ҳв–Ҷ` |
| Vaal Armourer's Infuser | 64% | 0.4551 | 0.243706 | 0.575746 | `в–Ғв–Ғв–…в–ғв–„в–Ҳв–…` |
| Mirror of Kalandra | 62% | 1100 | 859.98 | 1249.98 | `в–Ғв–„в–Ҳ   в–…` |
| Chaos Orb | 41% | 0.1226 | 0.112387 | 0.137231 | `в–ғв–Ҳв–Ҳв–ғв–Ғв–Ғв–„` |
| Perfect Exalted Orb | 37% | 3.9 | 3.55627 | 4.48894 | `в–Ҷв–ғв–Ҳв–Ғв–Ӯв–ғв–„` |
| Vaal Blacksmith's Infuser | 18% | 0.08131 | 0.0665063 | 0.148795 | `в–Ҳв–ғв–…в–ғв–Ғв–Ӯв–Ӯ` |
| Greater Exalted Orb | 16% | 0.08754 | 0.077251 | 0.142136 | `в–Ҳв–Ҷв–Ӯв–Ғв–Ӯв–Ғв–Ӯ` |
| Orb of Chance | 4% | 0.1037 | 0.102909 | 0.124536 | `в–ғв–Ҳв–Ҷв–„в–Ғв–ғв–Ғ` |
| Perfect Orb of Transmutation | 3% | 0.0842 | 0.0829237 | 0.128762 | `в–Ҳв–Ҷв–ғв–Ҷв–„в–Ғв–Ғ` |
| Perfect Orb of Augmentation | 0% | 0.08841 | 0.08841 | 0.156704 | `в–ғв–Ӯв–ғв–Ҳв–Ҳв–Ӯв–Ғ` |

### Unique вҖ” near 7d low (buy candidates)

| Item | pos | now (div) | low | high | trace |
|---|--:|--:|--:|--:|---|
| Berek's Respite | 0% | 2 | 2 | 2.385 | `в–Ғв–Ҳв–Ҳв–ғв–Ғв–Ғв–Ғ` |
| Bursting Decay | 0% | 8 | 8 | 12.0005 | `в–Ҷв–Ҷв–Ҳв–ғв–ғв–ғв–Ғ` |
| Death Rush | 0% | 0.09638 | 0.09638 | 0.132492 | `в–„в–Ҳв–Ҷв–ғв–„в–…в–Ғ` |
| Headhunter | 0% | 146 | 146 | 179.994 | `в–„в–…в–…в–Үв–Ҳв–Ӯв–Ғ` |
| Icefang Orbit | 0% | 0.09638 | 0.09638 | 0.154291 | `в–ғв–Ҳв–„в–Ӯв–ғв–ғв–Ғ` |
| Levinstone | 0% | 0.1093 | 0.1093 | 0.131298 | `в–ғв–Ҳв–Ҳв–ғв–Ӯв–Ғв–Ғ` |
| Ligurium Talisman | 0% | 0.09638 | 0.09638 | 0.132497 | `в–…в–Ҳв–Ҳв–…в–„в–…в–Ғ` |
| Midnight Braid | 0% | 0.09638 | 0.09638 | 0.154291 | `в–ғв–Ҳв–„в–Ӯв–„в–ғв–Ғ` |
| Ming's Heart | 0% | 0.09638 | 0.09638 | 0.132492 | `в–„в–Ҳв–Ҷв–ғв–„в–…в–Ғ` |
| Prized Pain | 0% | 0.08744 | 0.08744 | 0.263202 | `в–Ӯв–Ҳв–Үв–Ӯв–Ӯв–Ӯв–Ғ` |
| Revered Resin | 0% | 0.09638 | 0.09638 | 0.132497 | `в–…в–Ҳв–Ҷв–ғв–„в–…в–Ғ` |
| Rondel of Fragility | 0% | 0.09638 | 0.09638 | 0.132497 | `в–…в–Ҳв–Үв–ғв–„в–…в–Ғ` |
| Soul Tether | 0% | 0.09638 | 0.09638 | 0.132497 | `в–…в–Ҳв–Ҷв–ғв–„в–…в–Ғ` |
| The Burrower | 0% | 0.09638 | 0.09638 | 0.132492 | `в–„в–Ҳв–Ҷв–ғв–„в–…в–Ғ` |
| Venopuncture | 0% | 0.09638 | 0.09638 | 0.132497 | `в–…в–Ҳв–Үв–ғв–„в–…в–Ғ` |
| Vigilant View | 0% | 0.05465 | 0.05465 | 0.0658513 | `в–Ҳв–Ҳв–…в–ғв–ғв–Ғв–Ғ` |
| Whisper of the Brotherhood | 0% | 0.09638 | 0.09638 | 0.132492 | `в–„в–Ҳв–Ҷв–ғв–„в–…в–Ғ` |
| Zerphi's Genesis | 0% | 0.05465 | 0.05465 | 0.0658513 | `в–Ҳв–Ҳв–…в–ғв–ғв–Ғв–Ғ` |
| Assailum | 0% | 0.06339 | 0.06339 | 0.0871431 | `в–Ӯв–Ӯв–Ғв–Ҷв–Үв–Ҳв–Ғ` |
| Bitterbloom | 0% | 0.09638 | 0.09638 | 0.132492 | `в–„в–Ҳв–Ҷв–ғв–„в–…в–Ғ` |
| Black Sun Crest | 0% | 0.09638 | 0.09638 | 0.132492 | `в–„в–Ҳв–Ҷв–ғв–„в–…в–Ғ` |
| Bloodbarrier | 0% | 0.1093 | 0.1093 | 0.262632 | `в–Ғв–Ӯв–Ҳв–Ғв–Ғв–Ғв–Ғ` |
| Bristleboar | 0% | 0.09638 | 0.09638 | 0.132492 | `в–„в–Ҳв–Ҷв–ғв–„в–…в–Ғ` |
| Bushwhack | 0% | 0.09638 | 0.09638 | 0.132497 | `в–…в–Ҳв–Ҷв–ғв–„в–…в–Ғ` |
| Cadiro's Gambit | 0% | 1.47 | 1.47 | 3.71329 | `в–Үв–Ҳв–…в–„в–ғв–Ӯв–Ғ` |

### Unique вҖ” near 7d high (running hot)

| Item | pos | now (div) | low | high | trace |
|---|--:|--:|--:|--:|---|
| Andvarius | 100% | 0.3798 | 0.170688 | 0.3798 | `в–ғв–„в–Ғв–ғв–ғв–Үв–Ҳ` |
| Astramentis | 100% | 2.28 | 1.26293 | 2.28 | `в–Ҷв–ғв–Ғв–Ғв–„в–Үв–Ҳ` |
| Eye of Chayula | 100% | 0.115 | 0.0110273 | 0.115 | `в–Ғв–Ғв–Ғв–Ғв–Ғв–Ғв–Ҳ` |
| Fixation of Yix | 100% | 0.1266 | 0.0651503 | 0.1266 | `в–Ғв–Ғв–„в–Үв–Ҷв–Үв–Ҳ` |
| Original Sin | 100% | 0.633 | 0.33124 | 0.633 | `в–Ғв–Ӯв–Ӯв–„в–Ӯв–Ҷв–Ҳ` |
| Perandus Seal | 100% | 0.1266 | 0.0526841 | 0.1266 | `в–Ғв–Ӯв–Ӯв–ғв–„в–Үв–Ҳ` |
| Ungil's Harmony | 100% | 0.1266 | 0.0385545 | 0.1266 | `в–Ӯв–Ғв–Ӯв–Үв–Үв–Ҳв–Ҳ` |
| Yoke of Suffering | 100% | 1 | 0.397492 | 1 | `в–ғв–Ғв–Ӯв–„в–„в–Ҷв–Ҳ` |
| Alkem Eira | 100% | 0.1266 | 0.0117092 | 0.1266 | `в–Ғв–Ғв–Ғв–Ғв–Үв–Ҳв–Ҳ` |
| Apron of Emiran | 100% | 0.1266 | 0.0117092 | 0.1266 | `в–Ғв–Ғв–Ғв–Ғв–Үв–Ҳв–Ҳ` |
| Atsak's Sight | 100% | 0.1266 | 0.0245613 | 0.1266 | `в–Ғв–Ғв–Ғв–Ӯв–Үв–Ҳв–Ҳ` |
| Atziri's Step | 100% | 0.3798 | 0.0920985 | 0.3798 | `в–Ӯв–Ғв–Ӯв–Ӯв–Үв–Ҳв–Ҳ` |
| Blueflame Bracers | 100% | 0.1266 | 0.0117092 | 0.1266 | `в–Ғв–Ғв–Ғв–Ғв–Үв–Ҳв–Ҳ` |
| Bones of Ullr | 100% | 0.5064 | 0.328243 | 0.5064 | `в–Ӯв–„в–Ғв–Ӯв–Ғв–Үв–Ҳ` |
| Bones of Ullr | 100% | 0.9633 | 0.683206 | 0.9633 | `в–Ӯв–…в–„в–Ғв–Ҳв–Үв–Ҳ` |
| Briarpatch | 100% | 0.1266 | 0.0491231 | 0.1266 | `в–Ҷв–Ғв–Ғв–Үв–Ҷв–Үв–Ҳ` |
| Carrion Call | 100% | 0.1266 | 0.0110296 | 0.1266 | `в–Ғв–Ӯв–Ӯв–Ӯв–Ғв–Ғв–Ҳ` |
| Chernobog's Pillar | 100% | 0.633 | 0.231608 | 0.633 | `в–ғв–„в–Ӯв–Ғв–ғв–…в–Ҳ` |
| Cornathaum | 100% | 0.2532 | 0.0585488 | 0.2532 | `в–Ғв–Ғв–Ғв–Ғв–Ӯв–ғв–Ҳ` |
| Couture of Crimson | 100% | 0.1266 | 0.0351311 | 0.1266 | `в–Ғв–Ғв–Ҷв–Ғв–Үв–Ҳв–Ҳ` |
| Crown of the Pale King | 100% | 0.07651 | 0.065151 | 0.07651 | `в–Ғв–Ғв–…в–„в–ғв–Ҳв–Ҳ` |
| Decree of Acuity | 100% | 0.2532 | 0.0763801 | 0.2532 | `в–Ғв–ғв–ғв–Үв–Ӯв–Ҳв–Ҳ` |
| Enfolding Dawn | 100% | 0.9219 | 0.347151 | 0.9219 | `в–„в–Үв–„в–Ӯв–Ҷв–Ғв–Ҳ` |
| Eyes of the Runefather | 100% | 0.1109 | 0.0368245 | 0.1109 | `в–Ғв–Ғв–Ғв–ғв–„в–…в–Ҳ` |
| Foxshade | 100% | 0.1266 | 0.061397 | 0.1266 | `в–Ғв–Үв–Ғв–Ӯв–Ҷв–Үв–Ҳ` |
