---
type: poe2-signal-brief
league: "HC Runes of Aldur"
league_day: 27
generated: 2026-06-25T20:38:53Z
snapshots: 54
currency_signals: 19
unique_signals: 20
tags: [poe2, market-signal]
---

# PoE2 Signal Brief ‚ÄĒ HC Runes of Aldur

> Day 27 ¬∑ generated 2026-06-25T20:38:53Z ¬∑ 54 snapshot(s) ¬∑ 463 fungibles / 631 uniques tracked ¬∑ values in Divine ¬∑ 1 div = 124 ex (live)

Decision-support only. Momentum is run-#1 sparkline z-score; movers are absolute %-change from our own snapshot history (risers only).

## Currency

### Momentum (|z| ‚Č• 2.0, vol ‚Č• 1.0)

| Currency | z | 7d % | value (div) | volume |
|---|--:|--:|--:|--:|
| Vaal Blacksmith's Infuser | +2.32 | ūüüĘ 331 | 0.3255 | 4.99 |
| Perfect Orb of Augmentation | +2.13 | ūüüĘ 241.1 | 0.1758 | 12.95 |
| Crystallised Corruption | +2.02 | ūüüĘ 206.2 | 2.3 | 24.5 |
| Perfect Regal Orb | +2.04 | ūüüĘ 87.82 | 0.2845 | 7.45 |
| Perfect Chaos Orb | -2.04 | ūüĒī -46.55 | 2.86 | 83 |

### Movers (24h ¬∑ risers ‚Č• 10 ex)

| Currency | % | from | to |
|---|--:|--:|--:|
| Cryptic Key | ūüüĘ +249.43 | 0.2559 | 0.8942 |
| Orb of Extraction | ūüüĘ +80.63 | 0.2716 | 0.4906 |
| Perfect Orb of Augmentation | ūüüĘ +57.10 | 0.1119 | 0.1758 |
| Crystallised Corruption | ūüüĘ +52.32 | 1.51 | 2.3 |
| Vaal Armourer's Infuser | ūüüĘ +21.34 | 0.4437 | 0.5384 |
| Core Destabiliser | ūüüĘ +17.66 | 0.3642 | 0.4285 |
| Mirror of Kalandra | ūüüĘ +15.22 | 1340 | 1544 |

### Near 7d low ¬∑ buy candidates (spread ‚Č• 5.0%)

| Currency | pos | now (div) | low | high | trace |
|---|--:|--:|--:|--:|---|
| Divine Orb | 0% | 1 | 1 | 1.25731 | `‚ĖĄ‚Ėá‚Ėą‚ĖÖ‚ĖÖ‚ĖÉ‚ĖĀ` |
| Perfect Chaos Orb | 0% | 2.86 | 2.86 | 4.31702 | `‚ĖÖ‚ĖÜ‚ĖĄ‚Ėą‚ĖÜ‚ĖÖ‚ĖĀ` |
| Orb of Annulment | 9% | 0.5828 | 0.569443 | 0.712579 | `‚Ėá‚Ėá‚Ėą‚ĖĄ‚ĖĄ‚ĖĀ‚Ėā` |
| Perfect Exalted Orb | 24% | 3.67 | 3.57521 | 3.97228 | `‚Ėą‚ĖĀ‚ĖĄ‚ĖÉ‚Ėą‚ĖÖ‚ĖÉ` |
| Hinekora's Lock | 47% | 299 | 225.821 | 379.99 | `‚ĖĀ‚ĖÉ‚Ėą‚Ėá‚ĖÖ‚ĖĄ‚ĖĄ` |
| Orb of Chance | 76% | 0.08304 | 0.0708587 | 0.086964 | `‚ĖÖ‚ĖĀ‚ĖÖ‚ĖĄ‚ĖÜ‚Ėą‚ĖÜ` |
| Greater Exalted Orb | 85% | 0.09432 | 0.0577521 | 0.100544 | `‚ĖĀ‚ĖĀ‚Ėā‚Ėā‚Ėā‚Ėą‚Ėá` |
| Fracturing Orb | 86% | 8.66 | 5.64894 | 9.15573 | `‚ĖĀ‚Ėā‚ĖÖ‚Ėą‚Ėą‚ĖÜ‚Ėá` |
| Perfect Orb of Transmutation | 89% | 0.0771 | 0.0620899 | 0.0790194 | `‚Ėá‚Ėą‚ĖÉ‚Ėā‚ĖĀ‚ĖÜ‚Ėá` |
| Architect's Orb | 95% | 2.55 | 1.67232 | 2.59348 | `‚ĖĀ‚ĖÉ‚ĖÜ‚ĖĀ‚Ėā‚Ėą‚Ėą` |
| Vaal Cultivation Orb | 98% | 1.85 | 0.918814 | 1.86896 | `‚ĖĄ‚ĖĀ‚ĖÜ‚ĖÜ‚ĖÜ‚Ėą‚Ėą` |
| Chaos Orb | 100% | 0.1406 | 0.111965 | 0.1406 | `‚ĖÖ‚Ėā‚ĖĀ‚ĖÉ‚ĖÉ‚ĖÜ‚Ėą` |
| Core Destabiliser | 100% | 0.4285 | 0.164224 | 0.4285 | `‚ĖĀ‚Ėā‚ĖÉ‚ĖÉ‚ĖÖ‚Ėá‚Ėą` |
| Crystallised Corruption | 100% | 2.3 | 1.62923 | 2.3 | `‚ĖĀ‚ĖĀ‚ĖĀ‚ĖÉ‚Ėā‚ĖÖ‚Ėą` |
| Greater Chaos Orb | 100% | 0.32 | 0.195206 | 0.32 | `‚ĖĀ‚ĖĀ‚ĖĀ‚Ėā‚ĖÉ‚Ėá‚Ėą` |
| Mirror of Kalandra | 100% | 1544 | 1100.34 | 1544 | `  ‚ĖĀ ‚Ėā‚ĖÖ‚Ėą` |
| Perfect Jeweller's Orb | 100% | 1.9 | 1.80237 | 1.9 | `‚ĖĀ‚Ėá‚ĖÜ‚ĖÖ‚ĖĄ‚ĖÉ‚Ėą` |
| Perfect Orb of Augmentation | 100% | 0.1758 | 0.0617542 | 0.1758 | `‚ĖÉ‚ĖĄ‚ĖĄ‚ĖĀ‚Ėā‚ĖĄ‚Ėą` |
| Perfect Regal Orb | 100% | 0.2845 | 0.208384 | 0.2845 | `‚ĖĀ‚ĖĄ‚ĖĀ‚ĖĄ‚ĖÉ‚ĖĄ‚Ėą` |
| Vaal Armourer's Infuser | 100% | 0.5384 | 0.230876 | 0.5384 | `‚ĖÉ‚ĖĀ‚ĖĄ‚ĖÖ‚ĖĄ‚ĖÖ‚Ėą` |
| Vaal Blacksmith's Infuser | 100% | 0.3255 | 0.0419072 | 0.3255 | `‚Ėā‚ĖĀ‚ĖĀ‚Ėā‚ĖĀ‚ĖĄ‚Ėą` |
| Vaal Catalysing Infuser | 100% | 0.985 | 0.392391 | 0.985 | `‚ĖĄ‚Ėā‚ĖĀ‚ĖĀ‚ĖÉ‚ĖÜ‚Ėą` |

### Near 7d high ¬∑ running hot

| Currency | pos | now (div) | low | high | trace |
|---|--:|--:|--:|--:|---|
| Chaos Orb | 100% | 0.1406 | 0.111965 | 0.1406 | `‚ĖÖ‚Ėā‚ĖĀ‚ĖÉ‚ĖÉ‚ĖÜ‚Ėą` |
| Core Destabiliser | 100% | 0.4285 | 0.164224 | 0.4285 | `‚ĖĀ‚Ėā‚ĖÉ‚ĖÉ‚ĖÖ‚Ėá‚Ėą` |
| Crystallised Corruption | 100% | 2.3 | 1.62923 | 2.3 | `‚ĖĀ‚ĖĀ‚ĖĀ‚ĖÉ‚Ėā‚ĖÖ‚Ėą` |
| Greater Chaos Orb | 100% | 0.32 | 0.195206 | 0.32 | `‚ĖĀ‚ĖĀ‚ĖĀ‚Ėā‚ĖÉ‚Ėá‚Ėą` |
| Mirror of Kalandra | 100% | 1544 | 1100.34 | 1544 | `  ‚ĖĀ ‚Ėā‚ĖÖ‚Ėą` |
| Perfect Jeweller's Orb | 100% | 1.9 | 1.80237 | 1.9 | `‚ĖĀ‚Ėá‚ĖÜ‚ĖÖ‚ĖĄ‚ĖÉ‚Ėą` |
| Perfect Orb of Augmentation | 100% | 0.1758 | 0.0617542 | 0.1758 | `‚ĖÉ‚ĖĄ‚ĖĄ‚ĖĀ‚Ėā‚ĖĄ‚Ėą` |
| Perfect Regal Orb | 100% | 0.2845 | 0.208384 | 0.2845 | `‚ĖĀ‚ĖĄ‚ĖĀ‚ĖĄ‚ĖÉ‚ĖĄ‚Ėą` |
| Vaal Armourer's Infuser | 100% | 0.5384 | 0.230876 | 0.5384 | `‚ĖÉ‚ĖĀ‚ĖĄ‚ĖÖ‚ĖĄ‚ĖÖ‚Ėą` |
| Vaal Blacksmith's Infuser | 100% | 0.3255 | 0.0419072 | 0.3255 | `‚Ėā‚ĖĀ‚ĖĀ‚Ėā‚ĖĀ‚ĖĄ‚Ėą` |
| Vaal Catalysing Infuser | 100% | 0.985 | 0.392391 | 0.985 | `‚ĖĄ‚Ėā‚ĖĀ‚ĖĀ‚ĖÉ‚ĖÜ‚Ėą` |
| Vaal Cultivation Orb | 98% | 1.85 | 0.918814 | 1.86896 | `‚ĖĄ‚ĖĀ‚ĖÜ‚ĖÜ‚ĖÜ‚Ėą‚Ėą` |
| Architect's Orb | 95% | 2.55 | 1.67232 | 2.59348 | `‚ĖĀ‚ĖÉ‚ĖÜ‚ĖĀ‚Ėā‚Ėą‚Ėą` |
| Perfect Orb of Transmutation | 89% | 0.0771 | 0.0620899 | 0.0790194 | `‚Ėá‚Ėą‚ĖÉ‚Ėā‚ĖĀ‚ĖÜ‚Ėá` |
| Fracturing Orb | 86% | 8.66 | 5.64894 | 9.15573 | `‚ĖĀ‚Ėā‚ĖÖ‚Ėą‚Ėą‚ĖÜ‚Ėá` |
| Greater Exalted Orb | 85% | 0.09432 | 0.0577521 | 0.100544 | `‚ĖĀ‚ĖĀ‚Ėā‚Ėā‚Ėā‚Ėą‚Ėá` |
| Orb of Chance | 76% | 0.08304 | 0.0708587 | 0.086964 | `‚ĖÖ‚ĖĀ‚ĖÖ‚ĖĄ‚ĖÜ‚Ėą‚ĖÜ` |
| Hinekora's Lock | 47% | 299 | 225.821 | 379.99 | `‚ĖĀ‚ĖÉ‚Ėą‚Ėá‚ĖÖ‚ĖĄ‚ĖĄ` |
| Perfect Exalted Orb | 24% | 3.67 | 3.57521 | 3.97228 | `‚Ėą‚ĖĀ‚ĖĄ‚ĖÉ‚Ėą‚ĖÖ‚ĖÉ` |
| Orb of Annulment | 9% | 0.5828 | 0.569443 | 0.712579 | `‚Ėá‚Ėá‚Ėą‚ĖĄ‚ĖĄ‚ĖĀ‚Ėā` |
| Divine Orb | 0% | 1 | 1 | 1.25731 | `‚ĖĄ‚Ėá‚Ėą‚ĖÖ‚ĖÖ‚ĖÉ‚ĖĀ` |
| Perfect Chaos Orb | 0% | 2.86 | 2.86 | 4.31702 | `‚ĖÖ‚ĖÜ‚ĖĄ‚Ėą‚ĖÜ‚ĖÖ‚ĖĀ` |

## Fragments

### Momentum (|z| ‚Č• 2.0, vol ‚Č• 1.0)

| Fragments | z | 7d % | value (div) | volume |
|---|--:|--:|--:|--:|
| Origin Spark | +2.21 | ūüüĘ 26.63 | 2.76 | 7.83 |

### Movers (24h ¬∑ risers ‚Č• 10 ex)

_Needs ‚Č•2 snapshots spanning the window, or no risers above the floor._

### Near 7d low ¬∑ buy candidates (spread ‚Č• 5.0%)

| Fragments | pos | now (div) | low | high | trace |
|---|--:|--:|--:|--:|---|
| Victorious Fate | 0% | 1.33 | 1.33 | 2.11958 | `‚Ėā‚ĖĄ‚Ėā‚Ėā‚ĖÉ‚Ėą‚ĖĀ` |
| Deadly Fate | 1% | 1.62 | 1.53686 | 8.97231 | `‚Ėā‚ĖĀ‚ĖĀ‚Ėą‚ĖĀ‚ĖĀ‚ĖĀ` |
| Ancient Crisis Fragment | 32% | 0.5218 | 0.453583 | 0.666687 | `‚ĖĀ‚ĖĀ‚Ėą‚Ėá‚Ėá‚ĖÉ‚ĖÉ` |
| Simulacrum | 32% | 2.66 | 2.27519 | 3.47242 | `‚ĖÜ‚Ėą‚ĖÉ‚ĖĀ‚ĖÉ‚ĖĄ‚ĖÉ` |
| Origin Cradle | 45% | 3.79 | 3.10633 | 4.62207 | `‚ĖĀ‚Ėā‚Ėą‚ĖÜ‚ĖÖ‚ĖĄ‚ĖĄ` |
| Faded Crisis Fragment | 57% | 3.45 | 2.9421 | 3.8334 | `‚ĖĀ‚ĖĀ‚Ėą‚ĖĄ‚ĖÜ‚ĖÖ‚ĖÖ` |
| Weathered Crisis Fragment | 72% | 0.8788 | 0.519312 | 1.02082 | `‚ĖĀ‚ĖÉ‚Ėą‚Ėą‚Ėą‚ĖÉ‚ĖÜ` |
| Breachlord Sac | 100% | 6.68 | 4.91876 | 6.68 | `‚ĖÉ‚ĖÉ‚ĖĀ‚ĖÉ‚Ėá‚Ėá‚Ėą` |
| Cowardly Fate | 100% | 2.25 | 1.00005 | 2.25 | `‚ĖĄ‚ĖĀ‚Ėā ‚ĖÉ‚ĖÖ‚Ėą` |
| Kulemak's Invitation | 100% | 2.19 | 1.40279 | 2.19 | `‚ĖĀ‚ĖÉ‚ĖĄ‚ĖĄ‚ĖĄ‚ĖÖ‚Ėą` |
| Origin Core | 100% | 8 | 6.39157 | 8 | `‚ĖÉ‚ĖĀ‚Ėą‚Ėá‚ĖÖ‚ĖÉ‚Ėą` |
| Origin Spark | 100% | 2.76 | 1.72514 | 2.76 | `‚ĖÉ‚Ėā‚ĖĄ‚Ėā‚ĖÉ‚ĖĀ‚Ėą` |

### Near 7d high ¬∑ running hot

| Fragments | pos | now (div) | low | high | trace |
|---|--:|--:|--:|--:|---|
| Breachlord Sac | 100% | 6.68 | 4.91876 | 6.68 | `‚ĖÉ‚ĖÉ‚ĖĀ‚ĖÉ‚Ėá‚Ėá‚Ėą` |
| Cowardly Fate | 100% | 2.25 | 1.00005 | 2.25 | `‚ĖĄ‚ĖĀ‚Ėā ‚ĖÉ‚ĖÖ‚Ėą` |
| Kulemak's Invitation | 100% | 2.19 | 1.40279 | 2.19 | `‚ĖĀ‚ĖÉ‚ĖĄ‚ĖĄ‚ĖĄ‚ĖÖ‚Ėą` |
| Origin Core | 100% | 8 | 6.39157 | 8 | `‚ĖÉ‚ĖĀ‚Ėą‚Ėá‚ĖÖ‚ĖÉ‚Ėą` |
| Origin Spark | 100% | 2.76 | 1.72514 | 2.76 | `‚ĖÉ‚Ėā‚ĖĄ‚Ėā‚ĖÉ‚ĖĀ‚Ėą` |
| Weathered Crisis Fragment | 72% | 0.8788 | 0.519312 | 1.02082 | `‚ĖĀ‚ĖÉ‚Ėą‚Ėą‚Ėą‚ĖÉ‚ĖÜ` |
| Faded Crisis Fragment | 57% | 3.45 | 2.9421 | 3.8334 | `‚ĖĀ‚ĖĀ‚Ėą‚ĖĄ‚ĖÜ‚ĖÖ‚ĖÖ` |
| Origin Cradle | 45% | 3.79 | 3.10633 | 4.62207 | `‚ĖĀ‚Ėā‚Ėą‚ĖÜ‚ĖÖ‚ĖĄ‚ĖĄ` |
| Simulacrum | 32% | 2.66 | 2.27519 | 3.47242 | `‚ĖÜ‚Ėą‚ĖÉ‚ĖĀ‚ĖÉ‚ĖĄ‚ĖÉ` |
| Ancient Crisis Fragment | 32% | 0.5218 | 0.453583 | 0.666687 | `‚ĖĀ‚ĖĀ‚Ėą‚Ėá‚Ėá‚ĖÉ‚ĖÉ` |
| Deadly Fate | 1% | 1.62 | 1.53686 | 8.97231 | `‚Ėā‚ĖĀ‚ĖĀ‚Ėą‚ĖĀ‚ĖĀ‚ĖĀ` |
| Victorious Fate | 0% | 1.33 | 1.33 | 2.11958 | `‚Ėā‚ĖĄ‚Ėā‚Ėā‚ĖÉ‚Ėą‚ĖĀ` |

## Runes

### Momentum (|z| ‚Č• 2.0, vol ‚Č• 1.0)

| Runes | z | 7d % | value (div) | volume |
|---|--:|--:|--:|--:|
| Greater Iron Rune | +2.40 | ūüüĘ 319.3 | 0.07308 | 1.8 |
| Saqawal's Rune of the Sky | +2.39 | ūüüĘ 132.9 | 0.3966 | 2.78 |

### Movers (24h ¬∑ risers ‚Č• 10 ex)

_Needs ‚Č•2 snapshots spanning the window, or no risers above the floor._

### Near 7d low ¬∑ buy candidates (spread ‚Č• 5.0%)

| Runes | pos | now (div) | low | high | trace |
|---|--:|--:|--:|--:|---|
| Aldur's Legacy | 0% | 82.73 | 82.73 | 180.51 | `‚ĖÜ‚ĖĄ‚ĖÉ‚ĖÖ‚Ėą‚ĖÖ‚ĖĀ` |
| Astrid's Creativity | 0% | 3.31 | 3.31 | 11.6817 | `‚ĖÉ‚ĖĀ‚ĖÖ‚Ėą‚ĖÖ‚ĖÖ‚ĖĀ` |
| Cadigan's Epiphany | 0% | 1.26 | 1.26 | 3.28477 | `‚Ėą‚ĖÖ‚ĖÖ‚ĖĄ‚ĖÖ‚Ėą‚ĖĀ` |
| Perfect Iron Rune | 0% | 0.8966 | 0.8966 | 2.00022 | `‚Ėā‚ĖĀ‚ĖÜ‚ĖÉ‚ĖÉ‚Ėą‚ĖĀ` |
| Greater Rune of Tithing | 28% | 3.4 | 2.46666 | 5.78626 | `‚ĖĀ‚ĖĀ‚Ėā‚ĖÖ‚Ėá‚Ėą‚ĖÉ` |
| Greater Rune of Alacrity | 42% | 3 | 1.73329 | 4.75009 | `‚Ėą‚ĖÜ‚ĖÉ‚ĖĀ‚ĖĀ‚ĖÖ‚ĖĄ` |
| Greater Rune of Leadership | 45% | 11 | 8.67757 | 13.8807 | `‚ĖĀ‚ĖĄ‚ĖĀ‚ĖÖ‚Ėą‚ĖĄ‚ĖĄ` |
| Kolr's Hunt | 85% | 0.4328 | 0.223899 | 0.469148 | `‚ĖÉ‚ĖÜ‚ĖÜ‚ĖĀ‚ĖÖ‚Ėą‚Ėá` |
| Hedgewitch Assandra's Rune of Wisdom | 98% | 0.3725 | 0.14861 | 0.376024 | `‚ĖĀ‚ĖÖ‚ĖÉ‚ĖÉ‚ĖÖ‚Ėą‚Ėą` |
| Masterwork Rune | 99% | 0.319 | 0.234339 | 0.320155 | `‚ĖĀ‚ĖÖ‚Ėą‚ĖÖ‚ĖÉ‚Ėą‚Ėą` |
| Farrul's Rune of the Chase | 100% | 0.2739 | 0.127002 | 0.2739 | `‚ĖĀ‚ĖĄ‚Ėā‚ĖĀ‚ĖÜ‚Ėą‚Ėą` |
| Greater Iron Rune | 100% | 0.07308 | 0.0151685 | 0.07308 | `‚ĖĀ‚ĖĀ‚ĖĀ‚Ėā‚Ėā‚ĖĀ‚Ėą` |
| Saqawal's Rune of the Sky | 100% | 0.3966 | 0.0946118 | 0.3966 | `‚Ėā‚ĖÉ‚Ėā‚ĖĀ‚Ėā‚Ėā‚Ėą` |

### Near 7d high ¬∑ running hot

| Runes | pos | now (div) | low | high | trace |
|---|--:|--:|--:|--:|---|
| Farrul's Rune of the Chase | 100% | 0.2739 | 0.127002 | 0.2739 | `‚ĖĀ‚ĖĄ‚Ėā‚ĖĀ‚ĖÜ‚Ėą‚Ėą` |
| Greater Iron Rune | 100% | 0.07308 | 0.0151685 | 0.07308 | `‚ĖĀ‚ĖĀ‚ĖĀ‚Ėā‚Ėā‚ĖĀ‚Ėą` |
| Saqawal's Rune of the Sky | 100% | 0.3966 | 0.0946118 | 0.3966 | `‚Ėā‚ĖÉ‚Ėā‚ĖĀ‚Ėā‚Ėā‚Ėą` |
| Masterwork Rune | 99% | 0.319 | 0.234339 | 0.320155 | `‚ĖĀ‚ĖÖ‚Ėą‚ĖÖ‚ĖÉ‚Ėą‚Ėą` |
| Hedgewitch Assandra's Rune of Wisdom | 98% | 0.3725 | 0.14861 | 0.376024 | `‚ĖĀ‚ĖÖ‚ĖÉ‚ĖÉ‚ĖÖ‚Ėą‚Ėą` |
| Kolr's Hunt | 85% | 0.4328 | 0.223899 | 0.469148 | `‚ĖÉ‚ĖÜ‚ĖÜ‚ĖĀ‚ĖÖ‚Ėą‚Ėá` |
| Greater Rune of Leadership | 45% | 11 | 8.67757 | 13.8807 | `‚ĖĀ‚ĖĄ‚ĖĀ‚ĖÖ‚Ėą‚ĖĄ‚ĖĄ` |
| Greater Rune of Alacrity | 42% | 3 | 1.73329 | 4.75009 | `‚Ėą‚ĖÜ‚ĖÉ‚ĖĀ‚ĖĀ‚ĖÖ‚ĖĄ` |
| Greater Rune of Tithing | 28% | 3.4 | 2.46666 | 5.78626 | `‚ĖĀ‚ĖĀ‚Ėā‚ĖÖ‚Ėá‚Ėą‚ĖÉ` |
| Aldur's Legacy | 0% | 82.73 | 82.73 | 180.51 | `‚ĖÜ‚ĖĄ‚ĖÉ‚ĖÖ‚Ėą‚ĖÖ‚ĖĀ` |
| Astrid's Creativity | 0% | 3.31 | 3.31 | 11.6817 | `‚ĖÉ‚ĖĀ‚ĖÖ‚Ėą‚ĖÖ‚ĖÖ‚ĖĀ` |
| Cadigan's Epiphany | 0% | 1.26 | 1.26 | 3.28477 | `‚Ėą‚ĖÖ‚ĖÖ‚ĖĄ‚ĖÖ‚Ėą‚ĖĀ` |
| Perfect Iron Rune | 0% | 0.8966 | 0.8966 | 2.00022 | `‚Ėā‚ĖĀ‚ĖÜ‚ĖÉ‚ĖÉ‚Ėą‚ĖĀ` |

## Essences

### Momentum (|z| ‚Č• 2.0, vol ‚Č• 1.0)

| Essences | z | 7d % | value (div) | volume |
|---|--:|--:|--:|--:|
| Perfect Essence of Seeking | +2.36 | ūüüĘ 144.6 | 0.4596 | 1.53 |

### Movers (24h ¬∑ risers ‚Č• 10 ex)

_Needs ‚Č•2 snapshots spanning the window, or no risers above the floor._

### Near 7d low ¬∑ buy candidates (spread ‚Č• 5.0%)

| Essences | pos | now (div) | low | high | trace |
|---|--:|--:|--:|--:|---|
| Essence of Hysteria | 18% | 2.08 | 1.87553 | 3.02446 | `‚ĖĀ‚Ėą‚ĖÜ‚Ėą‚Ėá‚ĖĄ‚Ėā` |
| Essence of Horror | 39% | 2.83 | 1.38743 | 5.11358 | `‚Ėā‚ĖÉ‚ĖÉ‚Ėā‚ĖĀ‚Ėą‚ĖĄ` |
| Greater Essence of Opulence | 89% | 0.1541 | 0.0712766 | 0.163962 | `‚Ėā‚ĖĀ‚ĖĀ‚ĖĀ‚ĖĄ‚Ėą‚Ėá` |
| Perfect Essence of Battle | 96% | 0.2875 | 0.180712 | 0.292212 | `‚ĖĄ‚ĖĀ‚ĖÖ‚Ėą‚ĖĀ‚ĖĀ‚Ėą` |
| Greater Essence of Ruin | 100% | 0.09701 | 0.0532739 | 0.09701 | `‚ĖÖ‚ĖÖ‚Ėá‚ĖĄ‚ĖÜ‚ĖĀ‚Ėą` |
| Perfect Essence of Seeking | 100% | 0.4596 | 0.126756 | 0.4596 | `‚ĖÉ‚ĖĀ‚ĖĀ‚ĖĀ‚ĖĀ‚ĖĀ‚Ėą` |

### Near 7d high ¬∑ running hot

| Essences | pos | now (div) | low | high | trace |
|---|--:|--:|--:|--:|---|
| Greater Essence of Ruin | 100% | 0.09701 | 0.0532739 | 0.09701 | `‚ĖÖ‚ĖÖ‚Ėá‚ĖĄ‚ĖÜ‚ĖĀ‚Ėą` |
| Perfect Essence of Seeking | 100% | 0.4596 | 0.126756 | 0.4596 | `‚ĖÉ‚ĖĀ‚ĖĀ‚ĖĀ‚ĖĀ‚ĖĀ‚Ėą` |
| Perfect Essence of Battle | 96% | 0.2875 | 0.180712 | 0.292212 | `‚ĖĄ‚ĖĀ‚ĖÖ‚Ėą‚ĖĀ‚ĖĀ‚Ėą` |
| Greater Essence of Opulence | 89% | 0.1541 | 0.0712766 | 0.163962 | `‚Ėā‚ĖĀ‚ĖĀ‚ĖĀ‚ĖĄ‚Ėą‚Ėá` |
| Essence of Horror | 39% | 2.83 | 1.38743 | 5.11358 | `‚Ėā‚ĖÉ‚ĖÉ‚Ėā‚ĖĀ‚Ėą‚ĖĄ` |
| Essence of Hysteria | 18% | 2.08 | 1.87553 | 3.02446 | `‚ĖĀ‚Ėą‚ĖÜ‚Ėą‚Ėá‚ĖĄ‚Ėā` |

## Soul Cores

### Momentum (|z| ‚Č• 2.0, vol ‚Č• 1.0)

| Soul Cores | z | 7d % | value (div) | volume |
|---|--:|--:|--:|--:|
| Emergent Possibility | +2.18 | ūüüĘ 197.8 | 44.67 | 22.33 |
| Emergent Vigour | +2.33 | ūüüĘ 130.8 | 20 | 3.33 |

### Movers (24h ¬∑ risers ‚Č• 10 ex)

_Needs ‚Č•2 snapshots spanning the window, or no risers above the floor._

### Near 7d low ¬∑ buy candidates (spread ‚Č• 5.0%)

| Soul Cores | pos | now (div) | low | high | trace |
|---|--:|--:|--:|--:|---|
| Carved Cunning | 0% | 2.2 | 2.2 | 9.99929 | `‚ĖĄ‚Ėą‚ĖĄ‚ĖĀ‚ĖĀ‚ĖĀ‚ĖĀ` |
| Soul Core of Tacati | 0% | 0.2802 | 0.2802 | 0.334624 | `‚Ėą‚Ėá‚ĖÉ‚ĖĀ‚Ėā‚Ėā‚ĖĀ` |
| Carved Majesty | 9% | 25 | 22.501 | 50.748 | `‚Ėā‚ĖĀ‚Ėā‚ĖĄ‚ĖÜ‚Ėą‚Ėā` |
| Soul Core of Jiquani | 11% | 2 | 1.83337 | 3.33325 | `‚ĖĄ‚ĖÉ‚Ėā‚ĖÉ‚Ėą‚ĖĀ‚Ėā` |
| Soul Core of Quipolatl | 31% | 5.9 | 4.48467 | 9.11162 | `‚ĖÉ‚ĖĀ‚Ėą‚ĖÖ‚ĖÖ‚ĖÉ‚ĖÉ` |
| Soul Core of Cholotl | 47% | 6 | 3 | 9.4175 | `‚Ėā‚ĖĀ‚ĖÉ‚Ėą‚ĖÜ‚ĖÜ‚ĖĄ` |
| Soul Core of Citaqualotl | 78% | 0.2265 | 0.0994449 | 0.261692 | `‚Ėā‚Ėā‚ĖĀ‚Ėā‚Ėą‚ĖÖ‚ĖÜ` |
| Citaqualotl's Thesis | 100% | 10 | 1 | 10 | ` ‚ĖĀ   ‚ĖÉ‚Ėą` |
| Emergent Possibility | 100% | 44.67 | 8.8335 | 44.67 | `‚Ėā‚ĖĀ‚ĖĀ‚Ėā‚ĖĄ‚ĖÉ‚Ėą` |
| Emergent Vigour | 100% | 20 | 2.83276 | 20 | `‚ĖÉ‚ĖĀ‚ĖĀ‚ĖĀ‚ĖĀ‚ĖĀ‚Ėą` |
| Quipolatl's Thesis | 100% | 8 | 3 | 8 | `‚Ėą ‚Ėá‚Ėá‚ĖĀ‚ĖĄ‚Ėą` |
| Soul Core of Azcapa | 100% | 5.5 | 2.6166 | 5.5 | `‚ĖĀ‚Ėá‚ĖĄ‚ĖÜ‚ĖĄ‚Ėá‚Ėą` |

### Near 7d high ¬∑ running hot

| Soul Cores | pos | now (div) | low | high | trace |
|---|--:|--:|--:|--:|---|
| Citaqualotl's Thesis | 100% | 10 | 1 | 10 | ` ‚ĖĀ   ‚ĖÉ‚Ėą` |
| Emergent Possibility | 100% | 44.67 | 8.8335 | 44.67 | `‚Ėā‚ĖĀ‚ĖĀ‚Ėā‚ĖĄ‚ĖÉ‚Ėą` |
| Emergent Vigour | 100% | 20 | 2.83276 | 20 | `‚ĖÉ‚ĖĀ‚ĖĀ‚ĖĀ‚ĖĀ‚ĖĀ‚Ėą` |
| Quipolatl's Thesis | 100% | 8 | 3 | 8 | `‚Ėą ‚Ėá‚Ėá‚ĖĀ‚ĖĄ‚Ėą` |
| Soul Core of Azcapa | 100% | 5.5 | 2.6166 | 5.5 | `‚ĖĀ‚Ėá‚ĖĄ‚ĖÜ‚ĖĄ‚Ėá‚Ėą` |
| Soul Core of Citaqualotl | 78% | 0.2265 | 0.0994449 | 0.261692 | `‚Ėā‚Ėā‚ĖĀ‚Ėā‚Ėą‚ĖÖ‚ĖÜ` |
| Soul Core of Cholotl | 47% | 6 | 3 | 9.4175 | `‚Ėā‚ĖĀ‚ĖÉ‚Ėą‚ĖÜ‚ĖÜ‚ĖĄ` |
| Soul Core of Quipolatl | 31% | 5.9 | 4.48467 | 9.11162 | `‚ĖÉ‚ĖĀ‚Ėą‚ĖÖ‚ĖÖ‚ĖÉ‚ĖÉ` |
| Soul Core of Jiquani | 11% | 2 | 1.83337 | 3.33325 | `‚ĖĄ‚ĖÉ‚Ėā‚ĖÉ‚Ėą‚ĖĀ‚Ėā` |
| Carved Majesty | 9% | 25 | 22.501 | 50.748 | `‚Ėā‚ĖĀ‚Ėā‚ĖĄ‚ĖÜ‚Ėą‚Ėā` |
| Carved Cunning | 0% | 2.2 | 2.2 | 9.99929 | `‚ĖĄ‚Ėą‚ĖĄ‚ĖĀ‚ĖĀ‚ĖĀ‚ĖĀ` |
| Soul Core of Tacati | 0% | 0.2802 | 0.2802 | 0.334624 | `‚Ėą‚Ėá‚ĖÉ‚ĖĀ‚Ėā‚Ėā‚ĖĀ` |

## Omens

### Momentum (|z| ‚Č• 2.0, vol ‚Č• 1.0)

| Omens | z | 7d % | value (div) | volume |
|---|--:|--:|--:|--:|
| Omen of Bartering | +2.31 | ūüüĘ 71.43 | 0.04867 | 2.41 |
| Omen of Abyssal Echoes | +2.37 | ūüüĘ 70.61 | 1.56 | 185 |
| Omen of Whittling | +2.33 | ūüüĘ 61.95 | 8.11 | 343.2 |
| Omen of Dextral Crystallisation | +2.36 | ūüüĘ 32.18 | 0.455 | 9.78 |
| Omen of the Blessed | +2.12 | ūüĒī -11.14 | 0.3177 | 1.64 |

### Movers (24h ¬∑ risers ‚Č• 10 ex)

_Needs ‚Č•2 snapshots spanning the window, or no risers above the floor._

### Near 7d low ¬∑ buy candidates (spread ‚Č• 5.0%)

| Omens | pos | now (div) | low | high | trace |
|---|--:|--:|--:|--:|---|
| Omen of Dextral Annulment | 20% | 6.78 | 6.08157 | 9.59292 | `‚ĖÉ‚ĖĀ‚Ėā‚ĖÜ‚Ėą‚ĖÜ‚Ėā` |
| Omen of Catalysing Exaltation | 37% | 0.07962 | 0.0229742 | 0.174192 | `‚Ėą‚ĖÉ‚Ėā‚Ėā‚ĖĀ‚ĖĄ‚ĖĄ` |
| Omen of Chaotic Monsters | 39% | 0.1147 | 0.0656927 | 0.191601 | `‚ĖÉ‚ĖĀ‚ĖĀ‚Ėą‚ĖÉ‚ĖÉ‚ĖĄ` |
| Omen of Sinistral Crystallisation | 39% | 0.2291 | 0.163532 | 0.331138 | `‚ĖĀ‚ĖÜ‚ĖÖ‚ĖÜ‚Ėą‚ĖĄ‚ĖĄ` |
| Omen of Chaotic Rarity | 44% | 0.1373 | 0.0419696 | 0.26009 | `‚ĖĀ‚ĖĀ‚ĖĀ‚ĖĀ‚Ėā‚Ėą‚ĖĄ` |
| Head of the King | 54% | 2.72 | 2.04508 | 3.28544 | `‚ĖĀ‚ĖĀ‚ĖĀ‚ĖĄ‚ĖÖ‚Ėą‚ĖÖ` |
| Omen of Sinistral Necromancy | 56% | 0.04117 | 0.0283165 | 0.0512426 | `‚ĖĀ‚Ėā‚Ėá‚ĖÜ‚Ėą‚ĖÜ‚ĖÖ` |
| Omen of Sinistral Annulment | 57% | 10.72 | 7.62306 | 13.0237 | `‚ĖĀ‚ĖĀ‚ĖĄ‚Ėą‚Ėá‚ĖÜ‚ĖÖ` |
| Call of the Shadows | 58% | 0.07995 | 0.0611586 | 0.0937662 | `‚Ėą‚Ėá‚ĖÖ‚ĖÉ‚ĖĀ‚Ėā‚ĖÖ` |
| Omen of Chance | 81% | 6.89 | 4.56292 | 7.43845 | `‚ĖĀ‚ĖĄ‚Ėá‚ĖÉ‚ĖÉ‚Ėą‚Ėá` |
| Raven-Touched Shard | 83% | 61.57 | 40.7883 | 65.972 | `‚Ėą‚Ėá‚ĖĀ‚Ėą‚ĖÉ‚Ėā‚Ėá` |
| Omen of the Blackblooded | 88% | 0.4833 | 0.184596 | 0.525953 | `‚ĖĀ‚ĖĀ‚ĖĄ‚Ėą‚ĖÜ‚ĖĄ‚Ėá` |
| Omen of Sinistral Erasure | 89% | 8.78 | 5.73864 | 9.14912 | `‚ĖĀ‚Ėā‚Ėą‚Ėą‚Ėą‚ĖÖ‚Ėá` |
| Omen of Sanctification | 92% | 1.74 | 1.26249 | 1.78118 | `‚ĖĀ‚ĖÜ‚ĖÉ‚Ėą‚ĖĀ‚ĖÜ‚Ėá` |
| Omen of Chaotic Effectiveness | 93% | 0.2066 | 0.0621068 | 0.217878 | `‚ĖĄ‚Ėā‚Ėā‚ĖĀ‚ĖĀ‚Ėą‚Ėá` |
| An Audience with the King | 100% | 0.8677 | 0.369051 | 0.8677 | `‚ĖÉ‚ĖĀ‚Ėā‚ĖĀ‚ĖĄ‚Ėá‚Ėą` |
| Omen of Abyssal Echoes | 100% | 1.56 | 0.873311 | 1.56 | `‚ĖĀ‚ĖÉ‚Ėā‚Ėā‚ĖÉ‚Ėā‚Ėą` |
| Omen of Bartering | 100% | 0.04867 | 0.0246402 | 0.04867 | `‚ĖĀ‚ĖĀ‚ĖÉ‚ĖĀ‚Ėā‚ĖÉ‚Ėą` |
| Omen of Chaotic Quantity | 100% | 0.265 | 0.137774 | 0.265 | `‚ĖĀ‚ĖĀ‚ĖĀ‚Ėá‚ĖÖ‚ĖÖ‚Ėą` |
| Omen of Dextral Crystallisation | 100% | 0.455 | 0.307051 | 0.455 | `‚ĖÉ‚ĖÉ‚Ėā‚ĖĀ‚ĖĀ‚Ėā‚Ėą` |
| Omen of Dextral Erasure | 100% | 8.16 | 5.68209 | 8.16 | `‚Ėā‚ĖĀ‚Ėā‚ĖÖ‚ĖĄ‚ĖÜ‚Ėą` |
| Omen of Light | 100% | 9.73 | 5.7926 | 9.73 | `‚ĖĀ‚ĖÖ‚ĖÖ‚ĖÜ‚Ėá‚Ėą‚Ėą` |
| Omen of the Blessed | 100% | 0.3177 | 0.12206 | 0.3177 | `‚ĖÉ‚Ėā‚Ėā‚ĖĀ‚Ėā‚ĖÖ‚Ėą` |
| Omen of Whittling | 100% | 8.11 | 5.81246 | 8.11 | `‚ĖĀ‚ĖÉ‚ĖĀ‚Ėā‚Ėā‚Ėā‚Ėą` |

### Near 7d high ¬∑ running hot

| Omens | pos | now (div) | low | high | trace |
|---|--:|--:|--:|--:|---|
| An Audience with the King | 100% | 0.8677 | 0.369051 | 0.8677 | `‚ĖÉ‚ĖĀ‚Ėā‚ĖĀ‚ĖĄ‚Ėá‚Ėą` |
| Omen of Abyssal Echoes | 100% | 1.56 | 0.873311 | 1.56 | `‚ĖĀ‚ĖÉ‚Ėā‚Ėā‚ĖÉ‚Ėā‚Ėą` |
| Omen of Bartering | 100% | 0.04867 | 0.0246402 | 0.04867 | `‚ĖĀ‚ĖĀ‚ĖÉ‚ĖĀ‚Ėā‚ĖÉ‚Ėą` |
| Omen of Chaotic Quantity | 100% | 0.265 | 0.137774 | 0.265 | `‚ĖĀ‚ĖĀ‚ĖĀ‚Ėá‚ĖÖ‚ĖÖ‚Ėą` |
| Omen of Dextral Crystallisation | 100% | 0.455 | 0.307051 | 0.455 | `‚ĖÉ‚ĖÉ‚Ėā‚ĖĀ‚ĖĀ‚Ėā‚Ėą` |
| Omen of Dextral Erasure | 100% | 8.16 | 5.68209 | 8.16 | `‚Ėā‚ĖĀ‚Ėā‚ĖÖ‚ĖĄ‚ĖÜ‚Ėą` |
| Omen of Light | 100% | 9.73 | 5.7926 | 9.73 | `‚ĖĀ‚ĖÖ‚ĖÖ‚ĖÜ‚Ėá‚Ėą‚Ėą` |
| Omen of the Blessed | 100% | 0.3177 | 0.12206 | 0.3177 | `‚ĖÉ‚Ėā‚Ėā‚ĖĀ‚Ėā‚ĖÖ‚Ėą` |
| Omen of Whittling | 100% | 8.11 | 5.81246 | 8.11 | `‚ĖĀ‚ĖÉ‚ĖĀ‚Ėā‚Ėā‚Ėā‚Ėą` |
| Omen of Chaotic Effectiveness | 93% | 0.2066 | 0.0621068 | 0.217878 | `‚ĖĄ‚Ėā‚Ėā‚ĖĀ‚ĖĀ‚Ėą‚Ėá` |
| Omen of Sanctification | 92% | 1.74 | 1.26249 | 1.78118 | `‚ĖĀ‚ĖÜ‚ĖÉ‚Ėą‚ĖĀ‚ĖÜ‚Ėá` |
| Omen of Sinistral Erasure | 89% | 8.78 | 5.73864 | 9.14912 | `‚ĖĀ‚Ėā‚Ėą‚Ėą‚Ėą‚ĖÖ‚Ėá` |
| Omen of the Blackblooded | 88% | 0.4833 | 0.184596 | 0.525953 | `‚ĖĀ‚ĖĀ‚ĖĄ‚Ėą‚ĖÜ‚ĖĄ‚Ėá` |
| Raven-Touched Shard | 83% | 61.57 | 40.7883 | 65.972 | `‚Ėą‚Ėá‚ĖĀ‚Ėą‚ĖÉ‚Ėā‚Ėá` |
| Omen of Chance | 81% | 6.89 | 4.56292 | 7.43845 | `‚ĖĀ‚ĖĄ‚Ėá‚ĖÉ‚ĖÉ‚Ėą‚Ėá` |
| Call of the Shadows | 58% | 0.07995 | 0.0611586 | 0.0937662 | `‚Ėą‚Ėá‚ĖÖ‚ĖÉ‚ĖĀ‚Ėā‚ĖÖ` |
| Omen of Sinistral Annulment | 57% | 10.72 | 7.62306 | 13.0237 | `‚ĖĀ‚ĖĀ‚ĖĄ‚Ėą‚Ėá‚ĖÜ‚ĖÖ` |
| Omen of Sinistral Necromancy | 56% | 0.04117 | 0.0283165 | 0.0512426 | `‚ĖĀ‚Ėā‚Ėá‚ĖÜ‚Ėą‚ĖÜ‚ĖÖ` |
| Head of the King | 54% | 2.72 | 2.04508 | 3.28544 | `‚ĖĀ‚ĖĀ‚ĖĀ‚ĖĄ‚ĖÖ‚Ėą‚ĖÖ` |
| Omen of Chaotic Rarity | 44% | 0.1373 | 0.0419696 | 0.26009 | `‚ĖĀ‚ĖĀ‚ĖĀ‚ĖĀ‚Ėā‚Ėą‚ĖĄ` |
| Omen of Sinistral Crystallisation | 39% | 0.2291 | 0.163532 | 0.331138 | `‚ĖĀ‚ĖÜ‚ĖÖ‚ĖÜ‚Ėą‚ĖĄ‚ĖĄ` |
| Omen of Chaotic Monsters | 39% | 0.1147 | 0.0656927 | 0.191601 | `‚ĖÉ‚ĖĀ‚ĖĀ‚Ėą‚ĖÉ‚ĖÉ‚ĖĄ` |
| Omen of Catalysing Exaltation | 37% | 0.07962 | 0.0229742 | 0.174192 | `‚Ėą‚ĖÉ‚Ėā‚Ėā‚ĖĀ‚ĖĄ‚ĖĄ` |
| Omen of Dextral Annulment | 20% | 6.78 | 6.08157 | 9.59292 | `‚ĖÉ‚ĖĀ‚Ėā‚ĖÜ‚Ėą‚ĖÜ‚Ėā` |

## Liquid Emotions

### Momentum (|z| ‚Č• 2.0, vol ‚Č• 1.0)

_No signals above threshold._

### Movers (24h ¬∑ risers ‚Č• 10 ex)

_Needs ‚Č•2 snapshots spanning the window, or no risers above the floor._

### Near 7d low ¬∑ buy candidates (spread ‚Č• 5.0%)

| Liquid Emotions | pos | now (div) | low | high | trace |
|---|--:|--:|--:|--:|---|
| Potent Liquid Ferocity | 18% | 2.21 | 1.95263 | 3.38649 | `‚ĖÜ‚ĖĀ‚ĖÉ‚Ėā‚Ėą‚ĖÜ‚Ėā` |
| Concentrated Liquid Isolation | 26% | 4.55 | 3.26973 | 8.19019 | `‚Ėą‚ĖÜ‚ĖĄ‚Ėā‚ĖĀ‚ĖĀ‚ĖÉ` |
| Concentrated Liquid Fear | 41% | 0.3027 | 0.210853 | 0.432265 | `‚ĖÜ‚Ėá‚Ėą‚ĖĄ‚ĖĀ‚Ėą‚ĖĄ` |
| Potent Liquid Contempt | 46% | 5.24 | 4.0482 | 6.61412 | `‚Ėą‚ĖĄ‚ĖÉ‚ĖÖ‚Ėā‚ĖĀ‚ĖĄ` |
| Ancient Potent Liquid Contempt | 51% | 3.85 | 2.83091 | 4.84067 | `‚ĖĀ‚ĖĄ‚Ėą‚ĖÖ‚Ėá‚ĖĄ‚ĖÖ` |
| Concentrated Liquid Suffering | 59% | 0.8534 | 0.56341 | 1.05516 | `‚Ėą‚ĖÖ‚ĖÖ‚ĖĄ‚ĖĀ‚ĖÉ‚ĖÖ` |
| Liquid Despair | 100% | 0.1264 | 0.0835492 | 0.1264 | `‚ĖÜ‚ĖÖ‚ĖÖ‚Ėā‚ĖĀ‚ĖĄ‚Ėą` |

### Near 7d high ¬∑ running hot

| Liquid Emotions | pos | now (div) | low | high | trace |
|---|--:|--:|--:|--:|---|
| Liquid Despair | 100% | 0.1264 | 0.0835492 | 0.1264 | `‚ĖÜ‚ĖÖ‚ĖÖ‚Ėā‚ĖĀ‚ĖĄ‚Ėą` |
| Concentrated Liquid Suffering | 59% | 0.8534 | 0.56341 | 1.05516 | `‚Ėą‚ĖÖ‚ĖÖ‚ĖĄ‚ĖĀ‚ĖÉ‚ĖÖ` |
| Ancient Potent Liquid Contempt | 51% | 3.85 | 2.83091 | 4.84067 | `‚ĖĀ‚ĖĄ‚Ėą‚ĖÖ‚Ėá‚ĖĄ‚ĖÖ` |
| Potent Liquid Contempt | 46% | 5.24 | 4.0482 | 6.61412 | `‚Ėą‚ĖĄ‚ĖÉ‚ĖÖ‚Ėā‚ĖĀ‚ĖĄ` |
| Concentrated Liquid Fear | 41% | 0.3027 | 0.210853 | 0.432265 | `‚ĖÜ‚Ėá‚Ėą‚ĖĄ‚ĖĀ‚Ėą‚ĖĄ` |
| Concentrated Liquid Isolation | 26% | 4.55 | 3.26973 | 8.19019 | `‚Ėą‚ĖÜ‚ĖĄ‚Ėā‚ĖĀ‚ĖĀ‚ĖÉ` |
| Potent Liquid Ferocity | 18% | 2.21 | 1.95263 | 3.38649 | `‚ĖÜ‚ĖĀ‚ĖÉ‚Ėā‚Ėą‚ĖÜ‚Ėā` |

## Abyssal Bones

### Momentum (|z| ‚Č• 2.0, vol ‚Č• 1.0)

| Abyssal Bones | z | 7d % | value (div) | volume |
|---|--:|--:|--:|--:|
| Tecrod's Gaze | +2.42 | ūüüĘ 273.3 | 6.4 | 5.33 |

### Movers (24h ¬∑ risers ‚Č• 10 ex)

_Needs ‚Č•2 snapshots spanning the window, or no risers above the floor._

### Near 7d low ¬∑ buy candidates (spread ‚Č• 5.0%)

| Abyssal Bones | pos | now (div) | low | high | trace |
|---|--:|--:|--:|--:|---|
| Kurgal's Gaze | 0% | 27 | 27 | 43.744 | ` ‚ĖĀ‚ĖĄ‚ĖĀ ‚Ėą‚ĖĀ` |
| Altered Collarbone | 20% | 1.74 | 1.60183 | 2.27927 | `‚Ėą‚ĖÖ‚Ėą‚ĖÖ‚ĖÉ‚ĖĀ‚Ėā` |
| Preserved Collarbone | 24% | 0.1921 | 0.166022 | 0.276991 | `‚Ėą‚ĖÉ‚Ėā‚ĖĀ‚Ėā‚ĖÖ‚ĖÉ` |
| Ancient Rib | 52% | 2.75 | 2.24292 | 3.22226 | `‚ĖĀ‚Ėá‚Ėą‚ĖÜ‚ĖĄ‚ĖĄ‚ĖÖ` |
| Preserved Cranium | 68% | 2.49 | 0.902209 | 3.23433 | `‚ĖĀ‚Ėā‚ĖÉ‚ĖĄ‚Ėą‚ĖÜ‚ĖÜ` |
| Preserved Rib | 86% | 0.08776 | 0.0429984 | 0.0953414 | `‚ĖĀ‚ĖĀ‚Ėā‚ĖÉ‚ĖÖ‚Ėą‚Ėá` |
| Amanamu's Gaze | 100% | 2.25 | 1.6557 | 2.25 | `‚ĖĄ‚ĖĀ‚Ėā‚ĖÉ‚Ėą‚ĖĄ‚Ėą` |
| Ancient Collarbone | 100% | 2.45 | 1.82465 | 2.45 | `‚ĖĄ‚ĖĀ‚ĖĀ‚ĖĄ‚ĖÖ‚ĖÉ‚Ėą` |
| Ancient Jawbone | 100% | 5.08 | 2.50165 | 5.08 | `‚ĖĀ‚ĖÖ‚Ėā‚ĖĀ‚Ėā‚ĖÖ‚Ėą` |
| Tecrod's Gaze | 100% | 6.4 | 1.41681 | 6.4 | `‚ĖĀ‚ĖĀ‚Ėā‚ĖĀ‚ĖĀ‚Ėā‚Ėą` |

### Near 7d high ¬∑ running hot

| Abyssal Bones | pos | now (div) | low | high | trace |
|---|--:|--:|--:|--:|---|
| Amanamu's Gaze | 100% | 2.25 | 1.6557 | 2.25 | `‚ĖĄ‚ĖĀ‚Ėā‚ĖÉ‚Ėą‚ĖĄ‚Ėą` |
| Ancient Collarbone | 100% | 2.45 | 1.82465 | 2.45 | `‚ĖĄ‚ĖĀ‚ĖĀ‚ĖĄ‚ĖÖ‚ĖÉ‚Ėą` |
| Ancient Jawbone | 100% | 5.08 | 2.50165 | 5.08 | `‚ĖĀ‚ĖÖ‚Ėā‚ĖĀ‚Ėā‚ĖÖ‚Ėą` |
| Tecrod's Gaze | 100% | 6.4 | 1.41681 | 6.4 | `‚ĖĀ‚ĖĀ‚Ėā‚ĖĀ‚ĖĀ‚Ėā‚Ėą` |
| Preserved Rib | 86% | 0.08776 | 0.0429984 | 0.0953414 | `‚ĖĀ‚ĖĀ‚Ėā‚ĖÉ‚ĖÖ‚Ėą‚Ėá` |
| Preserved Cranium | 68% | 2.49 | 0.902209 | 3.23433 | `‚ĖĀ‚Ėā‚ĖÉ‚ĖĄ‚Ėą‚ĖÜ‚ĖÜ` |
| Ancient Rib | 52% | 2.75 | 2.24292 | 3.22226 | `‚ĖĀ‚Ėá‚Ėą‚ĖÜ‚ĖĄ‚ĖĄ‚ĖÖ` |
| Preserved Collarbone | 24% | 0.1921 | 0.166022 | 0.276991 | `‚Ėą‚ĖÉ‚Ėā‚ĖĀ‚Ėā‚ĖÖ‚ĖÉ` |
| Altered Collarbone | 20% | 1.74 | 1.60183 | 2.27927 | `‚Ėą‚ĖÖ‚Ėą‚ĖÖ‚ĖÉ‚ĖĀ‚Ėā` |
| Kurgal's Gaze | 0% | 27 | 27 | 43.744 | ` ‚ĖĀ‚ĖĄ‚ĖĀ ‚Ėą‚ĖĀ` |

## Uncut Gems

### Momentum (|z| ‚Č• 2.0, vol ‚Č• 1.0)

_No signals above threshold._

### Movers (24h ¬∑ risers ‚Č• 10 ex)

_Needs ‚Č•2 snapshots spanning the window, or no risers above the floor._

### Near 7d low ¬∑ buy candidates (spread ‚Č• 5.0%)

| Uncut Gems | pos | now (div) | low | high | trace |
|---|--:|--:|--:|--:|---|
| Uncut Skill Gem (Level 20) | 0% | 3.64 | 3.64 | 4.35308 | `‚Ėą‚ĖÖ‚ĖĄ‚Ėā‚Ėā‚ĖÉ‚ĖĀ` |
| Uncut Spirit Gem (Level 20) | 0% | 2.88 | 2.88 | 4.02923 | `‚ĖÉ‚ĖÜ‚Ėá‚ĖÖ‚Ėą‚Ėá‚ĖĀ` |
| Uncut Skill Gem (Level 19) | 39% | 0.07683 | 0.0664415 | 0.0932573 | `‚ĖĄ‚Ėą‚Ėā‚ĖÉ‚ĖĀ‚Ėā‚ĖĄ` |

### Near 7d high ¬∑ running hot

| Uncut Gems | pos | now (div) | low | high | trace |
|---|--:|--:|--:|--:|---|
| Uncut Skill Gem (Level 19) | 39% | 0.07683 | 0.0664415 | 0.0932573 | `‚ĖĄ‚Ėą‚Ėā‚ĖÉ‚ĖĀ‚Ėā‚ĖĄ` |
| Uncut Skill Gem (Level 20) | 0% | 3.64 | 3.64 | 4.35308 | `‚Ėą‚ĖÖ‚ĖĄ‚Ėā‚Ėā‚ĖÉ‚ĖĀ` |
| Uncut Spirit Gem (Level 20) | 0% | 2.88 | 2.88 | 4.02923 | `‚ĖÉ‚ĖÜ‚Ėá‚ĖÖ‚Ėą‚Ėá‚ĖĀ` |

## Lineage Support Gems

### Momentum (|z| ‚Č• 2.0, vol ‚Č• 1.0)

| Lineage Support Gems | z | 7d % | value (div) | volume |
|---|--:|--:|--:|--:|
| Romira's Requital | +2.38 | ūüüĘ 138.6 | 0.476 | 1.67 |
| Olroth's Conviction | +2.33 | ūüüĘ 86.67 | 25.2 | 21 |

### Movers (24h ¬∑ risers ‚Č• 10 ex)

_Needs ‚Č•2 snapshots spanning the window, or no risers above the floor._

### Near 7d low ¬∑ buy candidates (spread ‚Č• 5.0%)

| Lineage Support Gems | pos | now (div) | low | high | trace |
|---|--:|--:|--:|--:|---|
| Ailith's Chimes | 0% | 1.18 | 1.18 | 1.74793 | `‚ĖĄ‚Ėą‚Ėá‚Ėá‚Ėą‚ĖÉ‚ĖĀ` |
| Brutus' Brain | 0% | 5.59 | 5.59 | 6.85673 | `‚Ėá‚ĖÉ‚ĖÉ‚ĖÉ‚ĖÖ‚Ėą‚ĖĀ` |
| Sione's Temper | 12% | 3.84 | 3.50044 | 6.32998 | `‚ĖÖ‚ĖĄ‚ĖĄ‚Ėą‚ĖÉ‚ĖĀ‚Ėā` |
| Rigwald's Ferocity | 15% | 55.88 | 48.1724 | 99.5242 | `‚ĖĀ‚Ėą‚ĖĄ‚ĖÖ‚ĖÜ‚ĖÖ‚Ėā` |
| Uhtred's Constellation | 20% | 1.5 | 1 | 3.542 | `‚Ėā‚Ėą‚Ėą‚Ėā‚ĖÉ‚ĖĀ‚Ėā` |
| Catha's Brilliance | 20% | 3 | 2.17272 | 6.2616 | `‚ĖĀ‚Ėá‚ĖĄ‚ĖĀ‚Ėą‚ĖĄ‚Ėā` |
| Uhtred's Omen | 23% | 5.5 | 4.74265 | 8.00965 | `‚ĖĀ‚ĖĀ‚Ėą‚Ėá‚ĖÖ‚ĖĄ‚ĖÉ` |
| Atziri's Allure | 32% | 10 | 3.25 | 24.5 | `‚ĖĀ‚ĖĀ ‚Ėá‚Ėą‚ĖÉ‚ĖÉ` |
| Uhtred's Augury | 35% | 12.33 | 7.87804 | 20.4936 | `‚ĖĀ‚ĖĀ‚ĖĄ‚ĖÖ‚Ėą‚ĖĄ‚ĖÉ` |
| Arbiter's Ignition | 56% | 10.5 | 4.00015 | 15.666 | `‚ĖĀ‚Ėā‚Ėą‚Ėá‚ĖÜ‚ĖÖ‚ĖÖ` |
| Vorana's Siege | 57% | 33.18 | 21.2352 | 42.1519 | `‚Ėā‚ĖĀ‚ĖĄ‚ĖÜ‚Ėą‚Ėą‚ĖÖ` |
| Atalui's Bloodletting | 59% | 4.1 | 2.18815 | 5.43319 | `‚ĖĀ‚ĖĄ‚Ėą‚ĖĄ‚ĖĄ‚ĖÖ‚ĖÖ` |
| Uul-Netol's Embrace | 60% | 330 | 223.882 | 400.006 | `‚Ėā‚ĖĀ‚ĖĀ‚Ėā‚ĖÖ‚Ėą‚ĖÖ` |
| Esh's Radiance | 70% | 47 | 19.522 | 58.4994 | `‚ĖĄ‚Ėā‚ĖĀ‚Ėā‚Ėą‚ĖÜ‚ĖÜ` |
| Amanamu's Tithe | 72% | 9.46 | 4.77759 | 11.248 | `‚ĖĀ‚ĖĀ‚ĖĀ‚Ėā‚Ėā‚Ėą‚ĖÜ` |
| Ixchel's Torment | 76% | 6.33 | 1.99874 | 7.66116 | `‚ĖĀ‚ĖĀ‚Ėą‚ĖÖ ‚ĖĄ‚ĖÜ` |
| Breachlord's Amalgam | 77% | 5 | 1.74117 | 5.99988 | `‚ĖĀ‚ĖĀ‚ĖĀ‚ĖĀ‚ĖÜ‚Ėą‚ĖÜ` |
| Tul's Stillness | 83% | 111 | 68.3347 | 120.006 | `‚ĖÉ‚ĖĀ‚ĖĀ‚ĖÖ‚Ėą‚Ėą‚Ėá` |
| Garukhan's Resolve | 90% | 284.2 | 178.937 | 295.335 | `‚ĖĀ‚ĖÉ‚ĖÜ‚Ėá‚Ėá‚Ėą‚Ėá` |
| Atziri's Communion | 100% | 192.7 | 95.569 | 192.7 | `‚Ėā‚Ėā‚Ėā‚ĖĀ‚ĖÖ‚ĖÜ‚Ėą` |
| Dialla's Desire | 100% | 146 | 109.976 | 146 | `‚ĖĀ‚Ėá‚ĖÉ‚Ėā‚Ėā‚ĖĄ‚Ėą` |
| Her Declaration | 100% | 78 | 52.8756 | 78 | `‚ĖÜ‚Ėá‚ĖÉ‚ĖĀ‚Ėā‚Ėá‚Ėą` |
| Olroth's Conviction | 100% | 25.2 | 7.16027 | 25.2 | `‚Ėā‚ĖĀ‚ĖÉ‚ĖÉ‚Ėā‚Ėā‚Ėą` |
| Rakiata's Flow | 100% | 138.5 | 89.0104 | 138.5 | `‚ĖĀ‚ĖÉ‚ĖÖ‚ĖÖ‚Ėá‚Ėá‚Ėą` |
| Romira's Requital | 100% | 0.476 | 0.0820531 | 0.476 | `‚ĖÉ‚Ėā‚Ėā‚ĖĀ‚ĖĀ‚ĖĀ‚Ėą` |

### Near 7d high ¬∑ running hot

| Lineage Support Gems | pos | now (div) | low | high | trace |
|---|--:|--:|--:|--:|---|
| Atziri's Communion | 100% | 192.7 | 95.569 | 192.7 | `‚Ėā‚Ėā‚Ėā‚ĖĀ‚ĖÖ‚ĖÜ‚Ėą` |
| Dialla's Desire | 100% | 146 | 109.976 | 146 | `‚ĖĀ‚Ėá‚ĖÉ‚Ėā‚Ėā‚ĖĄ‚Ėą` |
| Her Declaration | 100% | 78 | 52.8756 | 78 | `‚ĖÜ‚Ėá‚ĖÉ‚ĖĀ‚Ėā‚Ėá‚Ėą` |
| Olroth's Conviction | 100% | 25.2 | 7.16027 | 25.2 | `‚Ėā‚ĖĀ‚ĖÉ‚ĖÉ‚Ėā‚Ėā‚Ėą` |
| Rakiata's Flow | 100% | 138.5 | 89.0104 | 138.5 | `‚ĖĀ‚ĖÉ‚ĖÖ‚ĖÖ‚Ėá‚Ėá‚Ėą` |
| Romira's Requital | 100% | 0.476 | 0.0820531 | 0.476 | `‚ĖÉ‚Ėā‚Ėā‚ĖĀ‚ĖĀ‚ĖĀ‚Ėą` |
| Seraph's Heart | 100% | 90 | 53.4959 | 90 | `‚ĖÉ‚ĖÉ‚ĖÉ‚ĖĀ‚ĖÖ ‚Ėą` |
| Trickster's Shard | 100% | 1.4 | 1 | 1.4 | `‚Ėá‚Ėá‚ĖĀ‚ĖĀ‚ĖĀ‚ĖĀ‚Ėą` |
| Uhtred's Exodus | 100% | 50.5 | 9.50059 | 50.5 | `‚Ėá‚ĖĄ ‚ĖĀ‚ĖÉ‚Ėą‚Ėą` |
| Xoph's Pyre | 100% | 70 | 32.099 | 70 | `‚Ėá‚Ėā‚ĖĀ‚Ėā‚Ėā‚ĖĄ‚Ėą` |
| Garukhan's Resolve | 90% | 284.2 | 178.937 | 295.335 | `‚ĖĀ‚ĖÉ‚ĖÜ‚Ėá‚Ėá‚Ėą‚Ėá` |
| Tul's Stillness | 83% | 111 | 68.3347 | 120.006 | `‚ĖÉ‚ĖĀ‚ĖĀ‚ĖÖ‚Ėą‚Ėą‚Ėá` |
| Breachlord's Amalgam | 77% | 5 | 1.74117 | 5.99988 | `‚ĖĀ‚ĖĀ‚ĖĀ‚ĖĀ‚ĖÜ‚Ėą‚ĖÜ` |
| Ixchel's Torment | 76% | 6.33 | 1.99874 | 7.66116 | `‚ĖĀ‚ĖĀ‚Ėą‚ĖÖ ‚ĖĄ‚ĖÜ` |
| Amanamu's Tithe | 72% | 9.46 | 4.77759 | 11.248 | `‚ĖĀ‚ĖĀ‚ĖĀ‚Ėā‚Ėā‚Ėą‚ĖÜ` |
| Esh's Radiance | 70% | 47 | 19.522 | 58.4994 | `‚ĖĄ‚Ėā‚ĖĀ‚Ėā‚Ėą‚ĖÜ‚ĖÜ` |
| Uul-Netol's Embrace | 60% | 330 | 223.882 | 400.006 | `‚Ėā‚ĖĀ‚ĖĀ‚Ėā‚ĖÖ‚Ėą‚ĖÖ` |
| Atalui's Bloodletting | 59% | 4.1 | 2.18815 | 5.43319 | `‚ĖĀ‚ĖĄ‚Ėą‚ĖĄ‚ĖĄ‚ĖÖ‚ĖÖ` |
| Vorana's Siege | 57% | 33.18 | 21.2352 | 42.1519 | `‚Ėā‚ĖĀ‚ĖĄ‚ĖÜ‚Ėą‚Ėą‚ĖÖ` |
| Arbiter's Ignition | 56% | 10.5 | 4.00015 | 15.666 | `‚ĖĀ‚Ėā‚Ėą‚Ėá‚ĖÜ‚ĖÖ‚ĖÖ` |
| Uhtred's Augury | 35% | 12.33 | 7.87804 | 20.4936 | `‚ĖĀ‚ĖĀ‚ĖĄ‚ĖÖ‚Ėą‚ĖĄ‚ĖÉ` |
| Atziri's Allure | 32% | 10 | 3.25 | 24.5 | `‚ĖĀ‚ĖĀ ‚Ėá‚Ėą‚ĖÉ‚ĖÉ` |
| Uhtred's Omen | 23% | 5.5 | 4.74265 | 8.00965 | `‚ĖĀ‚ĖĀ‚Ėą‚Ėá‚ĖÖ‚ĖĄ‚ĖÉ` |
| Catha's Brilliance | 20% | 3 | 2.17272 | 6.2616 | `‚ĖĀ‚Ėá‚ĖĄ‚ĖĀ‚Ėą‚ĖĄ‚Ėā` |
| Uhtred's Constellation | 20% | 1.5 | 1 | 3.542 | `‚Ėā‚Ėą‚Ėą‚Ėā‚ĖÉ‚ĖĀ‚Ėā` |

## Verisium

### Momentum (|z| ‚Č• 2.0, vol ‚Č• 1.0)

_No signals above threshold._

### Movers (24h ¬∑ risers ‚Č• 10 ex)

_Needs ‚Č•2 snapshots spanning the window, or no risers above the floor._

### Near 7d low ¬∑ buy candidates (spread ‚Č• 5.0%)

| Verisium | pos | now (div) | low | high | trace |
|---|--:|--:|--:|--:|---|
| Warding Starlit Ore | 2% | 1.14 | 0.997442 | 7.24894 | `‚ĖĀ‚Ėā‚Ėą‚ĖĄ‚ĖĀ‚ĖĀ‚ĖĀ` |
| Celestial Alloy | 9% | 1.1 | 1.0204 | 1.89983 | `‚Ėą‚ĖÉ‚Ėá‚ĖÜ‚ĖÜ‚ĖĀ‚Ėā` |
| Olroth's Crest of the Sun | 9% | 1.81 | 1.69766 | 2.92201 | `‚ĖĀ‚Ėā‚Ėą‚Ėą‚ĖĄ‚ĖÉ‚Ėā` |
| The Runebinder's Alloy | 44% | 0.6374 | 0.26972 | 1.10814 | `‚Ėą‚Ėā‚ĖĀ‚Ėā‚ĖÉ‚Ėá‚ĖĄ` |

### Near 7d high ¬∑ running hot

| Verisium | pos | now (div) | low | high | trace |
|---|--:|--:|--:|--:|---|
| The Runebinder's Alloy | 44% | 0.6374 | 0.26972 | 1.10814 | `‚Ėą‚Ėā‚ĖĀ‚Ėā‚ĖÉ‚Ėá‚ĖĄ` |
| Olroth's Crest of the Sun | 9% | 1.81 | 1.69766 | 2.92201 | `‚ĖĀ‚Ėā‚Ėą‚Ėą‚ĖĄ‚ĖÉ‚Ėā` |
| Celestial Alloy | 9% | 1.1 | 1.0204 | 1.89983 | `‚Ėą‚ĖÉ‚Ėá‚ĖÜ‚ĖÜ‚ĖĀ‚Ėā` |
| Warding Starlit Ore | 2% | 1.14 | 0.997442 | 7.24894 | `‚ĖĀ‚Ėā‚Ėą‚ĖĄ‚ĖĀ‚ĖĀ‚ĖĀ` |

## Unique momentum (|z| ‚Č• 2.0, listings ‚Č• 5)

| Item | Type | z | 7d % | value (div) | listings |
|---|---|--:|--:|--:|--:|
| Brain Rattler | Weapons | +2.29 | ūüüĘ 403.3 | 0.1236 | 41 |
| Spiteful Floret | Weapons | +2.42 | ūüüĘ 384.3 | 0.07056 | 392 |
| Morior Invictus | Armours | +2.22 | ūüüĘ 327.2 | 4 | 68 |
| Reverie | Armours | +2.42 | ūüüĘ 318.7 | 0.9665 | 56 |
| Sadist's Mercy | Weapons | +2.36 | ūüüĘ 278.8 | 0.4974 | 194 |
| Tidebreaker | Weapons | +2.32 | ūüüĘ 156.3 | 0.1196 | 90 |
| Svalinn | Armours | +2.37 | ūüüĘ 149.2 | 0.6545 | 91 |
| The Pandemonius | Accessories | +2.29 | ūüüĘ 126.8 | 0.1309 | 96 |
| Shavronne's Satchel | Accessories | +2.31 | ūüüĘ 113.6 | 0.3927 | 162 |
| Redblade Banner | Armours | +2.07 | ūüüĘ 101.1 | 0.1309 | 25 |
| Levinstone | Accessories | +2.25 | ūüüĘ 90.99 | 0.2508 | 44 |
| Ventor's Gamble | Accessories | +2.31 | ūüüĘ 49.54 | 0.1964 | 2109 |
| Adonia's Ego | Weapons | +2.27 | ūüüĘ 31.6 | 0.8639 | 86 |
| Decree of Flight | Armours | -2.45 | ūüĒī -8.37 | 0.9163 | 111 |
| Dreadfist | Armours | -2.10 | ūüĒī -29.12 | 0.09306 | 135 |
| Valako's Roar | Charms | -2.07 | ūüĒī -29.12 | 0.09306 | 218 |
| Dustbloom | Armours | -2.06 | ūüĒī -29.12 | 0.09306 | 179 |
| Fairgraves' Curse | Weapons | -2.02 | ūüĒī -29.12 | 0.09306 | 296 |
| Leopold's Applause | Armours | -2.20 | ūüĒī -33.54 | 0.2618 | 77 |
| Megalomaniac | Jewels | -2.45 | ūüĒī -34.55 | 0.6545 | 709 |

## Unique movers (24h ¬∑ risers ‚Č• 10 ex)

| Item | % | from | to |
|---|--:|--:|--:|
| Blackgleam | ūüüĘ +1037.27 | 0.01151 | 0.1309 |
| Beyond Reach | ūüüĘ +674.56 | 0.0169 | 0.1309 |
| The Pandemonius | ūüüĘ +453.25 | 0.02366 | 0.1309 |
| Sadist's Mercy | ūüüĘ +291.35 | 0.1271 | 0.4974 |
| Morior Invictus | ūüüĘ +263.64 | 1.1 | 4 |
| Brain Rattler | ūüüĘ +192.54 | 0.04225 | 0.1236 |
| Reverie | ūüüĘ +192.44 | 0.3305 | 0.9665 |
| Svalinn | ūüüĘ +157.47 | 0.2542 | 0.6545 |
| The Covenant | ūüüĘ +105.98 | 0.1271 | 0.2618 |
| Treefingers | ūüüĘ +105.98 | 0.1271 | 0.2618 |
| Duality | ūüüĘ +105.98 | 0.3813 | 0.7854 |
| Windscream | ūüüĘ +102.62 | 0.05577 | 0.113 |
| Nebuloch | ūüüĘ +85.37 | 0.1271 | 0.2356 |
| Heatshiver | ūüüĘ +81.99 | 0.04732 | 0.08612 |
| Hysseg's Claw | ūüüĘ +81.93 | 0.1439 | 0.2618 |
| Northpaw | ūüüĘ +78.05 | 0.07352 | 0.1309 |
| Redblade Banner | ūüüĘ +77.97 | 0.07355 | 0.1309 |
| Tidebreaker | ūüüĘ +72.61 | 0.06929 | 0.1196 |
| Doomfletch | ūüüĘ +71.65 | 0.3813 | 0.6545 |
