---
type: poe2-signal-brief
league: "HC Runes of Aldur"
league_day: 27
generated: 2026-06-25T22:45:55Z
snapshots: 55
currency_signals: 16
unique_signals: 20
tags: [poe2, market-signal]
---

# PoE2 Signal Brief вЂ” HC Runes of Aldur

> Day 27 В· generated 2026-06-25T22:45:55Z В· 55 snapshot(s) В· 474 fungibles / 631 uniques tracked В· values in Divine В· 1 div = 124 ex (live)

Decision-support only. Momentum is run-#1 sparkline z-score; movers are absolute %-change from our own snapshot history (risers only).

## Currency

### Momentum (|z| в‰Ґ 2.0, vol в‰Ґ 1.0)

| Currency | z | 7d % | value (div) | volume |
|---|--:|--:|--:|--:|
| Vaal Blacksmith's Infuser | +2.19 | рџџў 209.1 | 0.2873 | 4.64 |
| Perfect Regal Orb | +2.17 | рџџў 52.56 | 0.2835 | 7.84 |

### Movers (24h В· risers в‰Ґ 10 ex)

| Currency | % | from | to |
|---|--:|--:|--:|
| Cryptic Key | рџџў +343.58 | 0.257 | 1.14 |
| Mirror of Kalandra | рџџў +17.16 | 1340 | 1570 |
| Vaal Cultivation Orb | рџџў +15.76 | 2.03 | 2.35 |

### Near 7d low В· buy candidates (spread в‰Ґ 5.0%)

| Currency | pos | now (div) | low | high | trace |
|---|--:|--:|--:|--:|---|
| Divine Orb | 0% | 1 | 1 | 1.25063 | `в–„в–‡в–€в–…в–…в–ѓв–Ѓ` |
| Perfect Chaos Orb | 0% | 3.08 | 3.08 | 4.35212 | `в–…в–‡в–„в–€в–†в–„в–Ѓ` |
| Crystallised Corruption | 9% | 1.45 | 1.38407 | 2.11531 | `в–Ѓв–„в–Ѓв–…в–ѓв–€в–‚` |
| Perfect Exalted Orb | 16% | 3.63 | 3.56753 | 3.96532 | `в–†в–Ѓв–…в–ѓв–€в–„в–‚` |
| Greater Exalted Orb | 39% | 0.07374 | 0.0551375 | 0.103297 | `в–Ѓв–‚в–‚в–‚в–‚в–€в–„` |
| Hinekora's Lock | 47% | 299 | 228.53 | 380.014 | `в–Ѓв–„в–€в–‡в–…в–„в–„` |
| Orb of Chance | 56% | 0.07679 | 0.0684308 | 0.083352 | `в–…в–Ѓв–…в–„в–†в–€в–…` |
| Architect's Orb | 76% | 2.58 | 1.62694 | 2.88786 | `в–Ѓв–ѓв–„в–Ѓв–‚в–€в–†` |
| Perfect Jeweller's Orb | 83% | 1.89 | 1.8127 | 1.90577 | `в–Ѓв–€в–†в–…в–ѓв–…в–‡` |
| Fracturing Orb | 86% | 8.78 | 5.65595 | 9.30029 | `в–Ѓв–‚в–…в–€в–‡в–†в–‡` |
| Perfect Orb of Transmutation | 88% | 0.07365 | 0.0596783 | 0.0755887 | `в–‡в–€в–ѓв–Ѓв–‚в–‡в–‡` |
| Core Destabiliser | 100% | 0.3718 | 0.167831 | 0.371995 | `в–Ѓв–‚в–„в–†в–…в–€в–€` |
| Orb of Annulment | 100% | 0.5384 | 0.359926 | 0.5384 | `в–Ѓв–ѓв–ѓв–ѓв–…в–…в–€` |
| Chaos Orb | 100% | 0.1398 | 0.111912 | 0.1398 | `в–…в–‚в–Ѓв–„в–„в–†в–€` |
| Greater Chaos Orb | 100% | 0.3148 | 0.188615 | 0.3148 | `в–Ѓв–Ѓв–Ѓв–‚в–„в–‡в–€` |
| Mirror of Kalandra | 100% | 1570 | 1100.36 | 1570 | `  в–Ѓ в–‚в–…в–€` |
| Perfect Orb of Augmentation | 100% | 0.1174 | 0.0577723 | 0.1174 | `в–†в–‡в–…в–Ѓв–ѓв–†в–€` |
| Perfect Regal Orb | 100% | 0.2835 | 0.201884 | 0.2835 | `в–Ѓв–„в–Ѓв–ѓв–‚в–ѓв–€` |
| Vaal Armourer's Infuser | 100% | 0.5094 | 0.226599 | 0.5094 | `в–ѓв–Ѓв–„в–…в–„в–†в–€` |
| Vaal Blacksmith's Infuser | 100% | 0.2873 | 0.0408596 | 0.2873 | `в–‚в–Ѓв–Ѓв–‚в–Ѓв–„в–€` |
| Vaal Catalysing Infuser | 100% | 0.9594 | 0.35736 | 0.9594 | `в–„в–‚в–Ѓв–‚в–ѓв–‡в–€` |
| Vaal Cultivation Orb | 100% | 2.35 | 0.911324 | 2.35 | `в–ѓв–Ѓв–„в–…в–„в–†в–€` |

### Near 7d high В· running hot

| Currency | pos | now (div) | low | high | trace |
|---|--:|--:|--:|--:|---|
| Orb of Annulment | 100% | 0.5384 | 0.359926 | 0.5384 | `в–Ѓв–ѓв–ѓв–ѓв–…в–…в–€` |
| Chaos Orb | 100% | 0.1398 | 0.111912 | 0.1398 | `в–…в–‚в–Ѓв–„в–„в–†в–€` |
| Greater Chaos Orb | 100% | 0.3148 | 0.188615 | 0.3148 | `в–Ѓв–Ѓв–Ѓв–‚в–„в–‡в–€` |
| Mirror of Kalandra | 100% | 1570 | 1100.36 | 1570 | `  в–Ѓ в–‚в–…в–€` |
| Perfect Orb of Augmentation | 100% | 0.1174 | 0.0577723 | 0.1174 | `в–†в–‡в–…в–Ѓв–ѓв–†в–€` |
| Perfect Regal Orb | 100% | 0.2835 | 0.201884 | 0.2835 | `в–Ѓв–„в–Ѓв–ѓв–‚в–ѓв–€` |
| Vaal Armourer's Infuser | 100% | 0.5094 | 0.226599 | 0.5094 | `в–ѓв–Ѓв–„в–…в–„в–†в–€` |
| Vaal Blacksmith's Infuser | 100% | 0.2873 | 0.0408596 | 0.2873 | `в–‚в–Ѓв–Ѓв–‚в–Ѓв–„в–€` |
| Vaal Catalysing Infuser | 100% | 0.9594 | 0.35736 | 0.9594 | `в–„в–‚в–Ѓв–‚в–ѓв–‡в–€` |
| Vaal Cultivation Orb | 100% | 2.35 | 0.911324 | 2.35 | `в–ѓв–Ѓв–„в–…в–„в–†в–€` |
| Core Destabiliser | 100% | 0.3718 | 0.167831 | 0.371995 | `в–Ѓв–‚в–„в–†в–…в–€в–€` |
| Perfect Orb of Transmutation | 88% | 0.07365 | 0.0596783 | 0.0755887 | `в–‡в–€в–ѓв–Ѓв–‚в–‡в–‡` |
| Fracturing Orb | 86% | 8.78 | 5.65595 | 9.30029 | `в–Ѓв–‚в–…в–€в–‡в–†в–‡` |
| Perfect Jeweller's Orb | 83% | 1.89 | 1.8127 | 1.90577 | `в–Ѓв–€в–†в–…в–ѓв–…в–‡` |
| Architect's Orb | 76% | 2.58 | 1.62694 | 2.88786 | `в–Ѓв–ѓв–„в–Ѓв–‚в–€в–†` |
| Orb of Chance | 56% | 0.07679 | 0.0684308 | 0.083352 | `в–…в–Ѓв–…в–„в–†в–€в–…` |
| Hinekora's Lock | 47% | 299 | 228.53 | 380.014 | `в–Ѓв–„в–€в–‡в–…в–„в–„` |
| Greater Exalted Orb | 39% | 0.07374 | 0.0551375 | 0.103297 | `в–Ѓв–‚в–‚в–‚в–‚в–€в–„` |
| Perfect Exalted Orb | 16% | 3.63 | 3.56753 | 3.96532 | `в–†в–Ѓв–…в–ѓв–€в–„в–‚` |
| Crystallised Corruption | 9% | 1.45 | 1.38407 | 2.11531 | `в–Ѓв–„в–Ѓв–…в–ѓв–€в–‚` |
| Divine Orb | 0% | 1 | 1 | 1.25063 | `в–„в–‡в–€в–…в–…в–ѓв–Ѓ` |
| Perfect Chaos Orb | 0% | 3.08 | 3.08 | 4.35212 | `в–…в–‡в–„в–€в–†в–„в–Ѓ` |

## Fragments

### Momentum (|z| в‰Ґ 2.0, vol в‰Ґ 1.0)

| Fragments | z | 7d % | value (div) | volume |
|---|--:|--:|--:|--:|
| Origin Spark | +2.29 | рџџў 31.15 | 2.86 | 6.67 |

### Movers (24h В· risers в‰Ґ 10 ex)

_Needs в‰Ґ2 snapshots spanning the window, or no risers above the floor._

### Near 7d low В· buy candidates (spread в‰Ґ 5.0%)

| Fragments | pos | now (div) | low | high | trace |
|---|--:|--:|--:|--:|---|
| Ancient Crisis Fragment | 18% | 0.75 | 0.66045 | 1.1665 | `в–ѓв–€в–‡в–†в–…в–Ѓв–‚` |
| Origin Cradle | 31% | 3.52 | 3.10172 | 4.47175 | `в–Ѓв–ѓв–€в–‡в–…в–„в–ѓ` |
| Faded Crisis Fragment | 41% | 3.36 | 3.0555 | 3.7893 | `в–Ѓв–Ѓв–€в–ѓв–‡в–„в–„` |
| Simulacrum | 49% | 2.84 | 2.29014 | 3.41227 | `в–‡в–€в–ѓв–Ѓв–ѓв–„в–„` |
| Weathered Crisis Fragment | 75% | 0.9 | 0.519241 | 1.02872 | `в–Ѓв–ѓв–€в–€в–‡в–ѓв–†` |
| Origin Core | 99% | 8 | 6.41434 | 8.01774 | `в–ѓв–Ѓв–€в–…в–„в–ѓв–€` |
| Breachlord Sac | 100% | 6.85 | 4.71973 | 6.85 | `в–ѓв–ѓв–Ѓв–„в–‡в–‡в–€` |
| Cowardly Fate | 100% | 2.67 | 1.00128 | 2.67 | `в–‚в–Ѓв–‚ в–‚в–…в–€` |
| Kulemak's Invitation | 100% | 2.2 | 1.40038 | 2.2 | `в–Ѓв–ѓв–„в–…в–„в–…в–€` |
| Origin Spark | 100% | 2.86 | 1.74849 | 2.86 | `в–‚в–Ѓв–ѓв–‚в–ѓв–Ѓв–€` |

### Near 7d high В· running hot

| Fragments | pos | now (div) | low | high | trace |
|---|--:|--:|--:|--:|---|
| Breachlord Sac | 100% | 6.85 | 4.71973 | 6.85 | `в–ѓв–ѓв–Ѓв–„в–‡в–‡в–€` |
| Cowardly Fate | 100% | 2.67 | 1.00128 | 2.67 | `в–‚в–Ѓв–‚ в–‚в–…в–€` |
| Kulemak's Invitation | 100% | 2.2 | 1.40038 | 2.2 | `в–Ѓв–ѓв–„в–…в–„в–…в–€` |
| Origin Spark | 100% | 2.86 | 1.74849 | 2.86 | `в–‚в–Ѓв–ѓв–‚в–ѓв–Ѓв–€` |
| Origin Core | 99% | 8 | 6.41434 | 8.01774 | `в–ѓв–Ѓв–€в–…в–„в–ѓв–€` |
| Weathered Crisis Fragment | 75% | 0.9 | 0.519241 | 1.02872 | `в–Ѓв–ѓв–€в–€в–‡в–ѓв–†` |
| Simulacrum | 49% | 2.84 | 2.29014 | 3.41227 | `в–‡в–€в–ѓв–Ѓв–ѓв–„в–„` |
| Faded Crisis Fragment | 41% | 3.36 | 3.0555 | 3.7893 | `в–Ѓв–Ѓв–€в–ѓв–‡в–„в–„` |
| Origin Cradle | 31% | 3.52 | 3.10172 | 4.47175 | `в–Ѓв–ѓв–€в–‡в–…в–„в–ѓ` |
| Ancient Crisis Fragment | 18% | 0.75 | 0.66045 | 1.1665 | `в–ѓв–€в–‡в–†в–…в–Ѓв–‚` |

## Runes

### Momentum (|z| в‰Ґ 2.0, vol в‰Ґ 1.0)

| Runes | z | 7d % | value (div) | volume |
|---|--:|--:|--:|--:|
| Greater Iron Rune | +2.42 | рџџў 398 | 0.09555 | 1.8 |
| Saqawal's Rune of the Sky | +2.37 | рџџў 96.63 | 0.3271 | 2.78 |
| Cadigan's Epiphany | -2.09 | рџ”ґ -84.48 | 1.29 | 3 |

### Movers (24h В· risers в‰Ґ 10 ex)

_Needs в‰Ґ2 snapshots spanning the window, or no risers above the floor._

### Near 7d low В· buy candidates (spread в‰Ґ 5.0%)

| Runes | pos | now (div) | low | high | trace |
|---|--:|--:|--:|--:|---|
| Aldur's Legacy | 0% | 85.3 | 85.3 | 184.429 | `в–…в–ѓв–ѓв–…в–€в–„в–Ѓ` |
| Astrid's Creativity | 0% | 3.25 | 3.25 | 10.9458 | `в–ѓв–‚в–†в–€в–…в–…в–Ѓ` |
| Cadigan's Epiphany | 0% | 1.29 | 1.29 | 3.02884 | `в–€в–†в–†в–„в–†в–€в–Ѓ` |
| Perfect Iron Rune | 0% | 0.9615 | 0.9615 | 2 | `в–Ѓв–ѓв–†в–„в–‚в–€в–Ѓ` |
| Serle's Triumph | 31% | 1 | 0.888833 | 1.25 | `в–„в–€в–Ѓв–Ѓв–ѓв–ѓв–ѓ` |
| Greater Rune of Tithing | 48% | 3.67 | 2.20195 | 5.28778 | `в–‚в–Ѓв–ѓв–ѓв–€в–‡в–„` |
| Greater Rune of Alacrity | 49% | 3 | 1.33328 | 4.74996 | `в–€в–ѓв–„в–Ѓв–‚в–†в–„` |
| Greater Rune of Leadership | 50% | 10.71 | 8.67737 | 12.7447 | `в–Ѓв–„в–Ѓв–‡в–€в–…в–„` |
| Farrul's Rune of the Chase | 67% | 0.2321 | 0.119277 | 0.287219 | `в–Ѓв–„в–‚в–Ѓв–†в–€в–†` |
| Greater Iron Rune | 100% | 0.09555 | 0.0143402 | 0.09555 | `в–Ѓв–Ѓв–Ѓв–‚в–Ѓв–Ѓв–€` |
| Hedgewitch Assandra's Rune of Wisdom | 100% | 0.371 | 0.152723 | 0.371 | `в–Ѓв–†в–ѓв–‚в–…в–€в–€` |
| Kolr's Hunt | 100% | 0.4713 | 0.218377 | 0.4713 | `в–ѓв–†в–†в–Ѓв–…в–€в–€` |
| Masterwork Rune | 100% | 0.4034 | 0.226448 | 0.4034 | `в–Ѓв–ѓв–…в–ѓв–‚в–…в–€` |
| Saqawal's Rune of the Sky | 100% | 0.3271 | 0.0976825 | 0.3271 | `в–‚в–‚в–‚в–Ѓв–ѓв–ѓв–€` |

### Near 7d high В· running hot

| Runes | pos | now (div) | low | high | trace |
|---|--:|--:|--:|--:|---|
| Greater Iron Rune | 100% | 0.09555 | 0.0143402 | 0.09555 | `в–Ѓв–Ѓв–Ѓв–‚в–Ѓв–Ѓв–€` |
| Hedgewitch Assandra's Rune of Wisdom | 100% | 0.371 | 0.152723 | 0.371 | `в–Ѓв–†в–ѓв–‚в–…в–€в–€` |
| Kolr's Hunt | 100% | 0.4713 | 0.218377 | 0.4713 | `в–ѓв–†в–†в–Ѓв–…в–€в–€` |
| Masterwork Rune | 100% | 0.4034 | 0.226448 | 0.4034 | `в–Ѓв–ѓв–…в–ѓв–‚в–…в–€` |
| Saqawal's Rune of the Sky | 100% | 0.3271 | 0.0976825 | 0.3271 | `в–‚в–‚в–‚в–Ѓв–ѓв–ѓв–€` |
| Farrul's Rune of the Chase | 67% | 0.2321 | 0.119277 | 0.287219 | `в–Ѓв–„в–‚в–Ѓв–†в–€в–†` |
| Greater Rune of Leadership | 50% | 10.71 | 8.67737 | 12.7447 | `в–Ѓв–„в–Ѓв–‡в–€в–…в–„` |
| Greater Rune of Alacrity | 49% | 3 | 1.33328 | 4.74996 | `в–€в–ѓв–„в–Ѓв–‚в–†в–„` |
| Greater Rune of Tithing | 48% | 3.67 | 2.20195 | 5.28778 | `в–‚в–Ѓв–ѓв–ѓв–€в–‡в–„` |
| Serle's Triumph | 31% | 1 | 0.888833 | 1.25 | `в–„в–€в–Ѓв–Ѓв–ѓв–ѓв–ѓ` |
| Aldur's Legacy | 0% | 85.3 | 85.3 | 184.429 | `в–…в–ѓв–ѓв–…в–€в–„в–Ѓ` |
| Astrid's Creativity | 0% | 3.25 | 3.25 | 10.9458 | `в–ѓв–‚в–†в–€в–…в–…в–Ѓ` |
| Cadigan's Epiphany | 0% | 1.29 | 1.29 | 3.02884 | `в–€в–†в–†в–„в–†в–€в–Ѓ` |
| Perfect Iron Rune | 0% | 0.9615 | 0.9615 | 2 | `в–Ѓв–ѓв–†в–„в–‚в–€в–Ѓ` |

## Essences

### Momentum (|z| в‰Ґ 2.0, vol в‰Ґ 1.0)

_No signals above threshold._

### Movers (24h В· risers в‰Ґ 10 ex)

_Needs в‰Ґ2 snapshots spanning the window, or no risers above the floor._

### Near 7d low В· buy candidates (spread в‰Ґ 5.0%)

| Essences | pos | now (div) | low | high | trace |
|---|--:|--:|--:|--:|---|
| Essence of Horror | 22% | 2.62 | 1.49714 | 6.56647 | `в–Ѓв–‚в–‚в–‚в–Ѓв–€в–ѓ` |
| Essence of Hysteria | 29% | 2.38 | 1.90971 | 3.52219 | `в–Ѓв–€в–„в–†в–…в–ѓв–ѓ` |
| Perfect Essence of Battle | 79% | 0.2545 | 0.170063 | 0.277221 | `в–„в–Ѓв–‡в–€в–Ѓв–ѓв–‡` |
| Greater Essence of Ruin | 100% | 0.0915 | 0.0502135 | 0.0915 | `в–…в–…в–‡в–…в–…в–Ѓв–€` |

### Near 7d high В· running hot

| Essences | pos | now (div) | low | high | trace |
|---|--:|--:|--:|--:|---|
| Greater Essence of Ruin | 100% | 0.0915 | 0.0502135 | 0.0915 | `в–…в–…в–‡в–…в–…в–Ѓв–€` |
| Perfect Essence of Battle | 79% | 0.2545 | 0.170063 | 0.277221 | `в–„в–Ѓв–‡в–€в–Ѓв–ѓв–‡` |
| Essence of Hysteria | 29% | 2.38 | 1.90971 | 3.52219 | `в–Ѓв–€в–„в–†в–…в–ѓв–ѓ` |
| Essence of Horror | 22% | 2.62 | 1.49714 | 6.56647 | `в–Ѓв–‚в–‚в–‚в–Ѓв–€в–ѓ` |

## Soul Cores

### Momentum (|z| в‰Ґ 2.0, vol в‰Ґ 1.0)

| Soul Cores | z | 7d % | value (div) | volume |
|---|--:|--:|--:|--:|
| Emergent Possibility | +2.33 | рџџў 272.4 | 54 | 27 |
| Emergent Vigour | +2.32 | рџџў 130.8 | 20 | 3.33 |

### Movers (24h В· risers в‰Ґ 10 ex)

_Needs в‰Ґ2 snapshots spanning the window, or no risers above the floor._

### Near 7d low В· buy candidates (spread в‰Ґ 5.0%)

| Soul Cores | pos | now (div) | low | high | trace |
|---|--:|--:|--:|--:|---|
| Carved Cunning | 2% | 2.17 | 2.00294 | 10.0159 | `в–„в–€в–„в–Ѓв–Ѓв–‚в–Ѓ` |
| Carved Majesty | 8% | 25 | 22.8743 | 48.9974 | `в–ѓв–Ѓв–Ѓв–„в–†в–€в–‚` |
| Soul Core of Tacati | 30% | 0.2889 | 0.271883 | 0.329361 | `в–€в–‡в–ѓв–Ѓв–‚в–ѓв–ѓ` |
| Soul Core of Cholotl | 42% | 5.5 | 3.1112 | 8.752 | `в–Ѓв–‚в–‚в–‡в–€в–‚в–„` |
| Soul Core of Quipolatl | 55% | 6.91 | 4.51365 | 8.90029 | `в–ѓв–Ѓв–€в–†в–…в–ѓв–…` |
| Soul Core of Azcapa | 55% | 4.5 | 3.8834 | 5 | `в–„в–†в–‚в–‡в–Ѓв–€в–…` |
| Soul Core of Citaqualotl | 92% | 0.2442 | 0.0961526 | 0.257881 | `в–‚в–‚в–Ѓв–‚в–€в–„в–‡` |
| Citaqualotl's Thesis | 100% | 10 | 1 | 10 | ` в–Ѓ   в–ѓв–€` |
| Emergent Possibility | 100% | 54 | 9.06284 | 54 | `в–‚в–Ѓв–Ѓв–Ѓв–ѓв–‚в–€` |
| Emergent Vigour | 100% | 20 | 2.79116 | 20 | `в–ѓв–Ѓв–Ѓв–Ѓв–Ѓв–Ѓв–€` |
| Quipolatl's Thesis | 100% | 8 | 3 | 8 | `в–€ в–‡в–‡в–Ѓв–„в–€` |

### Near 7d high В· running hot

| Soul Cores | pos | now (div) | low | high | trace |
|---|--:|--:|--:|--:|---|
| Citaqualotl's Thesis | 100% | 10 | 1 | 10 | ` в–Ѓ   в–ѓв–€` |
| Emergent Possibility | 100% | 54 | 9.06284 | 54 | `в–‚в–Ѓв–Ѓв–Ѓв–ѓв–‚в–€` |
| Emergent Vigour | 100% | 20 | 2.79116 | 20 | `в–ѓв–Ѓв–Ѓв–Ѓв–Ѓв–Ѓв–€` |
| Quipolatl's Thesis | 100% | 8 | 3 | 8 | `в–€ в–‡в–‡в–Ѓв–„в–€` |
| Soul Core of Citaqualotl | 92% | 0.2442 | 0.0961526 | 0.257881 | `в–‚в–‚в–Ѓв–‚в–€в–„в–‡` |
| Soul Core of Azcapa | 55% | 4.5 | 3.8834 | 5 | `в–„в–†в–‚в–‡в–Ѓв–€в–…` |
| Soul Core of Quipolatl | 55% | 6.91 | 4.51365 | 8.90029 | `в–ѓв–Ѓв–€в–†в–…в–ѓв–…` |
| Soul Core of Cholotl | 42% | 5.5 | 3.1112 | 8.752 | `в–Ѓв–‚в–‚в–‡в–€в–‚в–„` |
| Soul Core of Tacati | 30% | 0.2889 | 0.271883 | 0.329361 | `в–€в–‡в–ѓв–Ѓв–‚в–ѓв–ѓ` |
| Carved Majesty | 8% | 25 | 22.8743 | 48.9974 | `в–ѓв–Ѓв–Ѓв–„в–†в–€в–‚` |
| Carved Cunning | 2% | 2.17 | 2.00294 | 10.0159 | `в–„в–€в–„в–Ѓв–Ѓв–‚в–Ѓ` |

## Omens

### Momentum (|z| в‰Ґ 2.0, vol в‰Ґ 1.0)

| Omens | z | 7d % | value (div) | volume |
|---|--:|--:|--:|--:|
| Omen of Bartering | +2.35 | рџџў 76.62 | 0.049 | 1.99 |
| Omen of Abyssal Echoes | +2.29 | рџџў 58.96 | 1.43 | 174.8 |
| Omen of Whittling | +2.31 | рџџў 52.46 | 7.77 | 326.2 |
| Omen of Dextral Crystallisation | +2.23 | рџџў 30.44 | 0.448 | 10.3 |

### Movers (24h В· risers в‰Ґ 10 ex)

_Needs в‰Ґ2 snapshots spanning the window, or no risers above the floor._

### Near 7d low В· buy candidates (spread в‰Ґ 5.0%)

| Omens | pos | now (div) | low | high | trace |
|---|--:|--:|--:|--:|---|
| Omen of Chaotic Monsters | 32% | 0.1038 | 0.06561 | 0.185965 | `в–ѓв–Ѓв–Ѓв–€в–ѓв–ѓв–ѓ` |
| Omen of Dextral Annulment | 41% | 7.45 | 6.08201 | 9.42681 | `в–ѓв–Ѓв–‚в–†в–€в–†в–„` |
| Omen of Sinistral Crystallisation | 42% | 0.2281 | 0.158244 | 0.325973 | `в–Ѓв–†в–…в–‡в–€в–„в–„` |
| Head of the King | 45% | 2.6 | 2.02671 | 3.31169 | `в–Ѓв–Ѓв–Ѓв–…в–…в–€в–„` |
| Omen of Chaotic Rarity | 48% | 0.1359 | 0.0420461 | 0.239103 | `в–Ѓв–Ѓв–Ѓв–Ѓв–ѓв–€в–„` |
| Call of the Shadows | 54% | 0.07782 | 0.0586982 | 0.094073 | `в–€в–…в–…в–‚в–Ѓв–Ѓв–…` |
| Omen of the Blackblooded | 63% | 0.4022 | 0.185971 | 0.529973 | `в–Ѓв–‚в–„в–€в–†в–ѓв–…` |
| Omen of Chaotic Effectiveness | 67% | 0.173 | 0.0615186 | 0.227012 | `в–„в–Ѓв–Ѓв–Ѓв–Ѓв–€в–†` |
| Omen of Sinistral Annulment | 68% | 11.1 | 7.53088 | 12.8169 | `в–Ѓв–Ѓв–…в–€в–‡в–†в–†` |
| Raven-Touched Shard | 76% | 58.5 | 40.5787 | 64.1525 | `в–€в–‡в–Ѓв–€в–ѓв–…в–†` |
| Omen of Sinistral Necromancy | 76% | 0.0435 | 0.0273003 | 0.0485704 | `в–Ѓв–ѓв–‡в–€в–€в–†в–†` |
| Omen of Sinistral Erasure | 84% | 8.69 | 5.87922 | 9.22989 | `в–Ѓв–‚в–€в–‡в–€в–„в–‡` |
| An Audience with the King | 85% | 0.7499 | 0.371704 | 0.817377 | `в–ѓв–Ѓв–‚в–‚в–„в–€в–‡` |
| Omen of Sanctification | 89% | 1.89 | 1.35499 | 1.95614 | `в–Ѓв–€в–…в–…в–Ѓв–„в–‡` |
| Omen of Dextral Erasure | 94% | 8.44 | 5.58342 | 8.63698 | `в–‚в–Ѓв–‚в–„в–„в–€в–€` |
| Omen of Abyssal Echoes | 100% | 1.43 | 0.869371 | 1.43 | `в–Ѓв–ѓв–ѓв–ѓв–ѓв–‚в–€` |
| Omen of Bartering | 100% | 0.049 | 0.0247053 | 0.049 | `в–Ѓв–Ѓв–‚в–Ѓв–Ѓв–ѓв–€` |
| Omen of Chance | 100% | 7.68 | 4.54962 | 7.68 | `в–Ѓв–…в–…в–‚в–ѓв–‡в–€` |
| Omen of Chaotic Quantity | 100% | 0.2747 | 0.134098 | 0.2747 | `в–Ѓв–Ѓв–‚в–†в–„в–„в–€` |
| Omen of Dextral Crystallisation | 100% | 0.448 | 0.293996 | 0.448 | `в–ѓв–ѓв–‚в–Ѓв–Ѓв–„в–€` |
| Omen of Light | 100% | 9.72 | 6.12114 | 9.72 | `в–Ѓв–…в–…в–†в–‡в–€в–€` |
| Omen of the Blessed | 100% | 0.263 | 0.126076 | 0.263 | `в–„в–‚в–‚в–Ѓв–Ѓв–…в–€` |
| Omen of Whittling | 100% | 7.77 | 5.8568 | 7.77 | `в–Ѓв–ѓв–Ѓв–ѓв–‚в–‚в–€` |

### Near 7d high В· running hot

| Omens | pos | now (div) | low | high | trace |
|---|--:|--:|--:|--:|---|
| Omen of Abyssal Echoes | 100% | 1.43 | 0.869371 | 1.43 | `в–Ѓв–ѓв–ѓв–ѓв–ѓв–‚в–€` |
| Omen of Bartering | 100% | 0.049 | 0.0247053 | 0.049 | `в–Ѓв–Ѓв–‚в–Ѓв–Ѓв–ѓв–€` |
| Omen of Chance | 100% | 7.68 | 4.54962 | 7.68 | `в–Ѓв–…в–…в–‚в–ѓв–‡в–€` |
| Omen of Chaotic Quantity | 100% | 0.2747 | 0.134098 | 0.2747 | `в–Ѓв–Ѓв–‚в–†в–„в–„в–€` |
| Omen of Dextral Crystallisation | 100% | 0.448 | 0.293996 | 0.448 | `в–ѓв–ѓв–‚в–Ѓв–Ѓв–„в–€` |
| Omen of Light | 100% | 9.72 | 6.12114 | 9.72 | `в–Ѓв–…в–…в–†в–‡в–€в–€` |
| Omen of the Blessed | 100% | 0.263 | 0.126076 | 0.263 | `в–„в–‚в–‚в–Ѓв–Ѓв–…в–€` |
| Omen of Whittling | 100% | 7.77 | 5.8568 | 7.77 | `в–Ѓв–ѓв–Ѓв–ѓв–‚в–‚в–€` |
| Omen of Dextral Erasure | 94% | 8.44 | 5.58342 | 8.63698 | `в–‚в–Ѓв–‚в–„в–„в–€в–€` |
| Omen of Sanctification | 89% | 1.89 | 1.35499 | 1.95614 | `в–Ѓв–€в–…в–…в–Ѓв–„в–‡` |
| An Audience with the King | 85% | 0.7499 | 0.371704 | 0.817377 | `в–ѓв–Ѓв–‚в–‚в–„в–€в–‡` |
| Omen of Sinistral Erasure | 84% | 8.69 | 5.87922 | 9.22989 | `в–Ѓв–‚в–€в–‡в–€в–„в–‡` |
| Omen of Sinistral Necromancy | 76% | 0.0435 | 0.0273003 | 0.0485704 | `в–Ѓв–ѓв–‡в–€в–€в–†в–†` |
| Raven-Touched Shard | 76% | 58.5 | 40.5787 | 64.1525 | `в–€в–‡в–Ѓв–€в–ѓв–…в–†` |
| Omen of Sinistral Annulment | 68% | 11.1 | 7.53088 | 12.8169 | `в–Ѓв–Ѓв–…в–€в–‡в–†в–†` |
| Omen of Chaotic Effectiveness | 67% | 0.173 | 0.0615186 | 0.227012 | `в–„в–Ѓв–Ѓв–Ѓв–Ѓв–€в–†` |
| Omen of the Blackblooded | 63% | 0.4022 | 0.185971 | 0.529973 | `в–Ѓв–‚в–„в–€в–†в–ѓв–…` |
| Call of the Shadows | 54% | 0.07782 | 0.0586982 | 0.094073 | `в–€в–…в–…в–‚в–Ѓв–Ѓв–…` |
| Omen of Chaotic Rarity | 48% | 0.1359 | 0.0420461 | 0.239103 | `в–Ѓв–Ѓв–Ѓв–Ѓв–ѓв–€в–„` |
| Head of the King | 45% | 2.6 | 2.02671 | 3.31169 | `в–Ѓв–Ѓв–Ѓв–…в–…в–€в–„` |
| Omen of Sinistral Crystallisation | 42% | 0.2281 | 0.158244 | 0.325973 | `в–Ѓв–†в–…в–‡в–€в–„в–„` |
| Omen of Dextral Annulment | 41% | 7.45 | 6.08201 | 9.42681 | `в–ѓв–Ѓв–‚в–†в–€в–†в–„` |
| Omen of Chaotic Monsters | 32% | 0.1038 | 0.06561 | 0.185965 | `в–ѓв–Ѓв–Ѓв–€в–ѓв–ѓв–ѓ` |

## Liquid Emotions

### Momentum (|z| в‰Ґ 2.0, vol в‰Ґ 1.0)

_No signals above threshold._

### Movers (24h В· risers в‰Ґ 10 ex)

_Needs в‰Ґ2 snapshots spanning the window, or no risers above the floor._

### Near 7d low В· buy candidates (spread в‰Ґ 5.0%)

| Liquid Emotions | pos | now (div) | low | high | trace |
|---|--:|--:|--:|--:|---|
| Ancient Potent Liquid Melancholy | 16% | 0.2313 | 0.160751 | 0.613883 | `в–Ѓв–Ѓв–Ѓв–€в–„в–ѓв–‚` |
| Potent Liquid Ferocity | 20% | 2.32 | 2.00796 | 3.59412 | `в–…в–Ѓв–‚в–Ѓв–€в–…в–‚` |
| Concentrated Liquid Isolation | 43% | 5.32 | 3.31569 | 7.97706 | `в–€в–†в–ѓв–‚в–Ѓв–Ѓв–„` |
| Concentrated Liquid Fear | 55% | 0.3517 | 0.203634 | 0.475029 | `в–…в–†в–†в–ѓв–Ѓв–€в–…` |
| Concentrated Liquid Suffering | 66% | 0.8542 | 0.549663 | 1.01096 | `в–€в–†в–†в–ѓв–Ѓв–ѓв–†` |
| Ancient Potent Liquid Contempt | 98% | 4.58 | 2.61776 | 4.61111 | `в–Ѓв–…в–€в–†в–‡в–…в–€` |
| Liquid Despair | 100% | 0.1191 | 0.0801259 | 0.1191 | `в–‡в–†в–…в–‚в–Ѓв–…в–€` |
| Potent Liquid Contempt | 100% | 6.73 | 4.04259 | 6.73 | `в–‡в–ѓв–„в–…в–‚в–Ѓв–€` |

### Near 7d high В· running hot

| Liquid Emotions | pos | now (div) | low | high | trace |
|---|--:|--:|--:|--:|---|
| Liquid Despair | 100% | 0.1191 | 0.0801259 | 0.1191 | `в–‡в–†в–…в–‚в–Ѓв–…в–€` |
| Potent Liquid Contempt | 100% | 6.73 | 4.04259 | 6.73 | `в–‡в–ѓв–„в–…в–‚в–Ѓв–€` |
| Ancient Potent Liquid Contempt | 98% | 4.58 | 2.61776 | 4.61111 | `в–Ѓв–…в–€в–†в–‡в–…в–€` |
| Concentrated Liquid Suffering | 66% | 0.8542 | 0.549663 | 1.01096 | `в–€в–†в–†в–ѓв–Ѓв–ѓв–†` |
| Concentrated Liquid Fear | 55% | 0.3517 | 0.203634 | 0.475029 | `в–…в–†в–†в–ѓв–Ѓв–€в–…` |
| Concentrated Liquid Isolation | 43% | 5.32 | 3.31569 | 7.97706 | `в–€в–†в–ѓв–‚в–Ѓв–Ѓв–„` |
| Potent Liquid Ferocity | 20% | 2.32 | 2.00796 | 3.59412 | `в–…в–Ѓв–‚в–Ѓв–€в–…в–‚` |
| Ancient Potent Liquid Melancholy | 16% | 0.2313 | 0.160751 | 0.613883 | `в–Ѓв–Ѓв–Ѓв–€в–„в–ѓв–‚` |

## Abyssal Bones

### Momentum (|z| в‰Ґ 2.0, vol в‰Ґ 1.0)

| Abyssal Bones | z | 7d % | value (div) | volume |
|---|--:|--:|--:|--:|
| Tecrod's Gaze | +2.41 | рџџў 252.2 | 5.33 | 2.67 |

### Movers (24h В· risers в‰Ґ 10 ex)

_Needs в‰Ґ2 snapshots spanning the window, or no risers above the floor._

### Near 7d low В· buy candidates (spread в‰Ґ 5.0%)

| Abyssal Bones | pos | now (div) | low | high | trace |
|---|--:|--:|--:|--:|---|
| Kurgal's Gaze | 3% | 27 | 26.2495 | 49.6643 | ` в–Ѓв–‚в–Ѓ в–€в–Ѓ` |
| Altered Collarbone | 18% | 1.67 | 1.55831 | 2.18356 | `в–†в–‡в–‡в–€в–†в–Ѓв–‚` |
| Ancient Rib | 46% | 2.75 | 2.32153 | 3.26257 | `в–Ѓв–‡в–€в–…в–„в–ѓв–„` |
| Preserved Collarbone | 59% | 0.2106 | 0.161917 | 0.2445 | `в–€в–ѓв–‚в–Ѓв–‚в–‡в–…` |
| Preserved Cranium | 66% | 2.44 | 0.94582 | 3.2249 | `в–Ѓв–Ѓв–ѓв–…в–€в–†в–†` |
| Preserved Rib | 95% | 0.09168 | 0.0394682 | 0.094155 | `в–Ѓв–‚в–‚в–„в–„в–€в–€` |
| Ancient Collarbone | 100% | 2.28 | 1.79835 | 2.28 | `в–Ѓв–Ѓв–‚в–†в–†в–…в–€` |
| Ancient Jawbone | 100% | 4.59 | 2.48022 | 4.59 | `в–ѓв–…в–‚в–Ѓв–‚в–†в–€` |
| Tecrod's Gaze | 100% | 5.33 | 1.49912 | 5.33 | `в–Ѓв–Ѓв–‚в–Ѓв–Ѓв–‚в–€` |

### Near 7d high В· running hot

| Abyssal Bones | pos | now (div) | low | high | trace |
|---|--:|--:|--:|--:|---|
| Ancient Collarbone | 100% | 2.28 | 1.79835 | 2.28 | `в–Ѓв–Ѓв–‚в–†в–†в–…в–€` |
| Ancient Jawbone | 100% | 4.59 | 2.48022 | 4.59 | `в–ѓв–…в–‚в–Ѓв–‚в–†в–€` |
| Tecrod's Gaze | 100% | 5.33 | 1.49912 | 5.33 | `в–Ѓв–Ѓв–‚в–Ѓв–Ѓв–‚в–€` |
| Preserved Rib | 95% | 0.09168 | 0.0394682 | 0.094155 | `в–Ѓв–‚в–‚в–„в–„в–€в–€` |
| Preserved Cranium | 66% | 2.44 | 0.94582 | 3.2249 | `в–Ѓв–Ѓв–ѓв–…в–€в–†в–†` |
| Preserved Collarbone | 59% | 0.2106 | 0.161917 | 0.2445 | `в–€в–ѓв–‚в–Ѓв–‚в–‡в–…` |
| Ancient Rib | 46% | 2.75 | 2.32153 | 3.26257 | `в–Ѓв–‡в–€в–…в–„в–ѓв–„` |
| Altered Collarbone | 18% | 1.67 | 1.55831 | 2.18356 | `в–†в–‡в–‡в–€в–†в–Ѓв–‚` |
| Kurgal's Gaze | 3% | 27 | 26.2495 | 49.6643 | ` в–Ѓв–‚в–Ѓ в–€в–Ѓ` |

## Uncut Gems

### Momentum (|z| в‰Ґ 2.0, vol в‰Ґ 1.0)

_No signals above threshold._

### Movers (24h В· risers в‰Ґ 10 ex)

_Needs в‰Ґ2 snapshots spanning the window, or no risers above the floor._

### Near 7d low В· buy candidates (spread в‰Ґ 5.0%)

| Uncut Gems | pos | now (div) | low | high | trace |
|---|--:|--:|--:|--:|---|
| Uncut Skill Gem (Level 20) | 0% | 3.51 | 3.51 | 4.39022 | `в–€в–…в–…в–ѓв–ѓв–…в–Ѓ` |
| Uncut Skill Gem (Level 19) | 78% | 0.07715 | 0.0603292 | 0.081833 | `в–€в–€в–ѓв–€в–Ѓв–†в–†` |
| Uncut Spirit Gem (Level 20) | 92% | 3.88 | 3.23219 | 3.93596 | `в–Ѓв–‡в–‡в–‡в–€в–€в–‡` |

### Near 7d high В· running hot

| Uncut Gems | pos | now (div) | low | high | trace |
|---|--:|--:|--:|--:|---|
| Uncut Spirit Gem (Level 20) | 92% | 3.88 | 3.23219 | 3.93596 | `в–Ѓв–‡в–‡в–‡в–€в–€в–‡` |
| Uncut Skill Gem (Level 19) | 78% | 0.07715 | 0.0603292 | 0.081833 | `в–€в–€в–ѓв–€в–Ѓв–†в–†` |
| Uncut Skill Gem (Level 20) | 0% | 3.51 | 3.51 | 4.39022 | `в–€в–…в–…в–ѓв–ѓв–…в–Ѓ` |

## Lineage Support Gems

### Momentum (|z| в‰Ґ 2.0, vol в‰Ґ 1.0)

| Lineage Support Gems | z | 7d % | value (div) | volume |
|---|--:|--:|--:|--:|
| Romira's Requital | +2.39 | рџџў 137.3 | 0.4547 | 1.36 |
| Olroth's Conviction | +2.37 | рџџў 115.2 | 33 | 22 |
| Xoph's Pyre | +2.03 | рџџў 60.63 | 85 | 14.17 |

### Movers (24h В· risers в‰Ґ 10 ex)

_Needs в‰Ґ2 snapshots spanning the window, or no risers above the floor._

### Near 7d low В· buy candidates (spread в‰Ґ 5.0%)

| Lineage Support Gems | pos | now (div) | low | high | trace |
|---|--:|--:|--:|--:|---|
| Brutus' Brain | 0% | 5.28 | 5.28 | 6.84253 | `в–‡в–†в–ѓв–„в–†в–€в–Ѓ` |
| Uhtred's Omen | 5% | 5 | 4.7165 | 10.52 | `в–Ѓв–Ѓв–€в–„в–ѓв–ѓв–Ѓ` |
| Sione's Temper | 9% | 3.84 | 3.58751 | 6.52983 | `в–„в–„в–‚в–€в–ѓв–Ѓв–‚` |
| Rigwald's Ferocity | 17% | 56 | 46.9182 | 99.762 | `в–Ѓв–€в–„в–…в–†в–†в–‚` |
| Atziri's Allure | 32% | 10 | 3.25 | 24.5 | `в–Ѓв–Ѓ в–‡в–€в–ѓв–ѓ` |
| Uhtred's Constellation | 39% | 2.11 | 0.999526 | 3.83118 | `в–‚в–€в–†в–ѓв–ѓв–Ѓв–„` |
| Catha's Brilliance | 40% | 4.2 | 2.2101 | 7.2 | `в–Ѓв–€в–‚в–Ѓв–†в–ѓв–„` |
| Esh's Radiance | 44% | 36 | 18.624 | 58.5 | `в–…в–‚в–Ѓв–ѓв–€в–†в–„` |
| Vorana's Siege | 48% | 32 | 21.7943 | 42.922 | `в–Ѓв–Ѓв–„в–†в–€в–‡в–„` |
| Uhtred's Augury | 50% | 14 | 7.43396 | 20.5 | `в–Ѓв–‚в–„в–…в–€в–„в–…` |
| Amanamu's Tithe | 52% | 10.08 | 4.66493 | 15.1078 | `в–Ѓв–Ѓв–Ѓв–‚в–‚в–€в–…` |
| Breachlord's Amalgam | 55% | 4 | 1.66684 | 5.87505 | `в–‚в–Ѓв–Ѓв–Ѓв–‡в–€в–…` |
| Arbiter's Ignition | 57% | 10.67 | 4.0009 | 15.7039 | `в–Ѓв–„в–€в–†в–†в–…в–…` |
| Uhtred's Exodus | 58% | 32 | 9.49852 | 48.4988 | `в–‡в–„ в–Ѓв–ѓв–€в–…` |
| Uul-Netol's Embrace | 60% | 330 | 223.882 | 400.006 | `в–‚в–Ѓв–Ѓв–‚в–…в–€в–…` |
| Ixchel's Torment | 75% | 6.5 | 2 | 8 | `в–Ѓв–Ѓв–€в–… в–…в–†` |
| Garukhan's Resolve | 85% | 283.7 | 191.883 | 299.692 | `в–Ѓв–ѓв–†в–†в–‡в–€в–‡` |
| Atalui's Bloodletting | 87% | 5 | 2.06133 | 5.42987 | `в–Ѓв–…в–€в–„в–„в–„в–‡` |
| Esh's Prowess | 89% | 2.33 | 0.998714 | 2.49679 | `   в–Ѓв–‚в–€в–‡` |
| Her Declaration | 94% | 83 | 49.0219 | 84.9978 | `в–†в–…в–ѓв–Ѓв–ѓв–€в–€` |
| Ailith's Chimes | 100% | 1.16 | 0.445013 | 1.16 | `в–Ѓв–„в–„в–‡в–…в–ѓв–€` |
| Atziri's Communion | 100% | 189.5 | 101.633 | 189.5 | `в–Ѓв–Ѓв–‚в–Ѓв–…в–†в–€` |
| Dialla's Desire | 100% | 146.3 | 111.17 | 146.3 | `в–ѓв–†в–ѓв–Ѓв–Ѓв–„в–€` |
| Olroth's Conviction | 100% | 33 | 7.8375 | 33 | `в–Ѓв–Ѓв–‚в–ѓв–‚в–Ѓв–€` |
| Rakiata's Flow | 100% | 149.1 | 90.0153 | 149.1 | `в–Ѓв–‚в–„в–…в–†в–†в–€` |

### Near 7d high В· running hot

| Lineage Support Gems | pos | now (div) | low | high | trace |
|---|--:|--:|--:|--:|---|
| Ailith's Chimes | 100% | 1.16 | 0.445013 | 1.16 | `в–Ѓв–„в–„в–‡в–…в–ѓв–€` |
| Atziri's Communion | 100% | 189.5 | 101.633 | 189.5 | `в–Ѓв–Ѓв–‚в–Ѓв–…в–†в–€` |
| Dialla's Desire | 100% | 146.3 | 111.17 | 146.3 | `в–ѓв–†в–ѓв–Ѓв–Ѓв–„в–€` |
| Olroth's Conviction | 100% | 33 | 7.8375 | 33 | `в–Ѓв–Ѓв–‚в–ѓв–‚в–Ѓв–€` |
| Rakiata's Flow | 100% | 149.1 | 90.0153 | 149.1 | `в–Ѓв–‚в–„в–…в–†в–†в–€` |
| Romira's Requital | 100% | 0.4547 | 0.0855365 | 0.4547 | `в–ѓв–‚в–‚в–Ѓв–Ѓв–Ѓв–€` |
| Seraph's Heart | 100% | 90 | 53.4959 | 90 | `в–ѓв–ѓв–ѓв–Ѓв–… в–€` |
| Tul's Stillness | 100% | 143 | 66.6694 | 143 | `в–‚в–Ѓв–Ѓв–„в–…в–†в–€` |
| Xoph's Pyre | 100% | 85 | 32.0834 | 85 | `в–„в–Ѓв–Ѓв–Ѓв–ѓв–…в–€` |
| Her Declaration | 94% | 83 | 49.0219 | 84.9978 | `в–†в–…в–ѓв–Ѓв–ѓв–€в–€` |
| Esh's Prowess | 89% | 2.33 | 0.998714 | 2.49679 | `   в–Ѓв–‚в–€в–‡` |
| Atalui's Bloodletting | 87% | 5 | 2.06133 | 5.42987 | `в–Ѓв–…в–€в–„в–„в–„в–‡` |
| Garukhan's Resolve | 85% | 283.7 | 191.883 | 299.692 | `в–Ѓв–ѓв–†в–†в–‡в–€в–‡` |
| Ixchel's Torment | 75% | 6.5 | 2 | 8 | `в–Ѓв–Ѓв–€в–… в–…в–†` |
| Uul-Netol's Embrace | 60% | 330 | 223.882 | 400.006 | `в–‚в–Ѓв–Ѓв–‚в–…в–€в–…` |
| Uhtred's Exodus | 58% | 32 | 9.49852 | 48.4988 | `в–‡в–„ в–Ѓв–ѓв–€в–…` |
| Arbiter's Ignition | 57% | 10.67 | 4.0009 | 15.7039 | `в–Ѓв–„в–€в–†в–†в–…в–…` |
| Breachlord's Amalgam | 55% | 4 | 1.66684 | 5.87505 | `в–‚в–Ѓв–Ѓв–Ѓв–‡в–€в–…` |
| Amanamu's Tithe | 52% | 10.08 | 4.66493 | 15.1078 | `в–Ѓв–Ѓв–Ѓв–‚в–‚в–€в–…` |
| Uhtred's Augury | 50% | 14 | 7.43396 | 20.5 | `в–Ѓв–‚в–„в–…в–€в–„в–…` |
| Vorana's Siege | 48% | 32 | 21.7943 | 42.922 | `в–Ѓв–Ѓв–„в–†в–€в–‡в–„` |
| Esh's Radiance | 44% | 36 | 18.624 | 58.5 | `в–…в–‚в–Ѓв–ѓв–€в–†в–„` |
| Catha's Brilliance | 40% | 4.2 | 2.2101 | 7.2 | `в–Ѓв–€в–‚в–Ѓв–†в–ѓв–„` |
| Uhtred's Constellation | 39% | 2.11 | 0.999526 | 3.83118 | `в–‚в–€в–†в–ѓв–ѓв–Ѓв–„` |
| Atziri's Allure | 32% | 10 | 3.25 | 24.5 | `в–Ѓв–Ѓ в–‡в–€в–ѓв–ѓ` |

## Verisium

### Momentum (|z| в‰Ґ 2.0, vol в‰Ґ 1.0)

_No signals above threshold._

### Movers (24h В· risers в‰Ґ 10 ex)

_Needs в‰Ґ2 snapshots spanning the window, or no risers above the floor._

### Near 7d low В· buy candidates (spread в‰Ґ 5.0%)

| Verisium | pos | now (div) | low | high | trace |
|---|--:|--:|--:|--:|---|
| Celestial Alloy | 0% | 0.8906 | 0.8906 | 1.66181 | `в–€в–…в–€в–€в–‡в–‚в–Ѓ` |
| Olroth's Crest of the Sun | 1% | 1.72 | 1.70379 | 3.04665 | `в–Ѓв–‚в–€в–‡в–„в–ѓв–Ѓ` |
| The Runebinder's Alloy | 59% | 0.6644 | 0.266167 | 0.939267 | `в–€в–‚в–Ѓв–‚в–„в–€в–…` |

### Near 7d high В· running hot

| Verisium | pos | now (div) | low | high | trace |
|---|--:|--:|--:|--:|---|
| The Runebinder's Alloy | 59% | 0.6644 | 0.266167 | 0.939267 | `в–€в–‚в–Ѓв–‚в–„в–€в–…` |
| Olroth's Crest of the Sun | 1% | 1.72 | 1.70379 | 3.04665 | `в–Ѓв–‚в–€в–‡в–„в–ѓв–Ѓ` |
| Celestial Alloy | 0% | 0.8906 | 0.8906 | 1.66181 | `в–€в–…в–€в–€в–‡в–‚в–Ѓ` |

## Unique momentum (|z| в‰Ґ 2.0, listings в‰Ґ 5)

| Item | Type | z | 7d % | value (div) | listings |
|---|---|--:|--:|--:|--:|
| Brain Rattler | Weapons | +2.29 | рџџў 403.3 | 0.1236 | 41 |
| Spiteful Floret | Weapons | +2.42 | рџџў 384.3 | 0.07056 | 392 |
| Morior Invictus | Armours | +2.22 | рџџў 327.2 | 4 | 68 |
| Reverie | Armours | +2.42 | рџџў 318.7 | 0.9665 | 56 |
| Sadist's Mercy | Weapons | +2.36 | рџџў 278.8 | 0.4974 | 194 |
| Tidebreaker | Weapons | +2.32 | рџџў 156.3 | 0.1196 | 90 |
| Svalinn | Armours | +2.37 | рџџў 149.2 | 0.6545 | 91 |
| The Pandemonius | Accessories | +2.29 | рџџў 126.8 | 0.1309 | 96 |
| Shavronne's Satchel | Accessories | +2.31 | рџџў 113.6 | 0.3927 | 162 |
| Redblade Banner | Armours | +2.07 | рџџў 101.1 | 0.1309 | 25 |
| Levinstone | Accessories | +2.25 | рџџў 90.99 | 0.2508 | 44 |
| Ventor's Gamble | Accessories | +2.31 | рџџў 49.54 | 0.1964 | 2109 |
| Adonia's Ego | Weapons | +2.27 | рџџў 31.6 | 0.8639 | 86 |
| Decree of Flight | Armours | -2.45 | рџ”ґ -8.37 | 0.9163 | 111 |
| Dreadfist | Armours | -2.10 | рџ”ґ -29.12 | 0.09306 | 135 |
| Valako's Roar | Charms | -2.07 | рџ”ґ -29.12 | 0.09306 | 218 |
| Dustbloom | Armours | -2.06 | рџ”ґ -29.12 | 0.09306 | 179 |
| Fairgraves' Curse | Weapons | -2.02 | рџ”ґ -29.12 | 0.09306 | 296 |
| Leopold's Applause | Armours | -2.20 | рџ”ґ -33.54 | 0.2618 | 77 |
| Megalomaniac | Jewels | -2.45 | рџ”ґ -34.55 | 0.6545 | 709 |

## Unique movers (24h В· risers в‰Ґ 10 ex)

| Item | % | from | to |
|---|--:|--:|--:|
| Blackgleam | рџџў +1037.27 | 0.01151 | 0.1309 |
| Beyond Reach | рџџў +674.56 | 0.0169 | 0.1309 |
| The Pandemonius | рџџў +453.25 | 0.02366 | 0.1309 |
| Sadist's Mercy | рџџў +291.35 | 0.1271 | 0.4974 |
| Morior Invictus | рџџў +263.64 | 1.1 | 4 |
| Brain Rattler | рџџў +192.54 | 0.04225 | 0.1236 |
| Reverie | рџџў +192.44 | 0.3305 | 0.9665 |
| Svalinn | рџџў +157.47 | 0.2542 | 0.6545 |
| The Covenant | рџџў +105.98 | 0.1271 | 0.2618 |
| Treefingers | рџџў +105.98 | 0.1271 | 0.2618 |
| Duality | рџџў +105.98 | 0.3813 | 0.7854 |
| Windscream | рџџў +102.62 | 0.05577 | 0.113 |
| Nebuloch | рџџў +85.37 | 0.1271 | 0.2356 |
| Heatshiver | рџџў +81.99 | 0.04732 | 0.08612 |
| Hysseg's Claw | рџџў +81.93 | 0.1439 | 0.2618 |
| Northpaw | рџџў +78.05 | 0.07352 | 0.1309 |
| Redblade Banner | рџџў +77.97 | 0.07355 | 0.1309 |
| Tidebreaker | рџџў +72.61 | 0.06929 | 0.1196 |
| Doomfletch | рџџў +71.65 | 0.3813 | 0.6545 |
