---
type: poe2-signal-brief
league: "HC Runes of Aldur"
league_day: 25
generated: 2026-06-24T09:48:56Z
snapshots: 42
currency_signals: 0
unique_signals: 4
tags: [poe2, market-signal]
---

# PoE2 Signal Brief — HC Runes of Aldur

> Day 25 · generated 2026-06-24T09:48:56Z · 42 snapshot(s) · 47 currencies / 619 uniques tracked · values in Divine · 1 div = 106 ex (live)

Decision-support only. Momentum is run-#1 sparkline z-score; movers are absolute %-change from our own snapshot history.

## Currency momentum (|z| ≥ 2.0, vol ≥ 1.0)

_No signals above threshold._

## Unique momentum (|z| ≥ 2.0, listings ≥ 5)

| Item | Type | z | 7d % | value (div) | listings |
|---|---|--:|--:|--:|--:|
| Guiding Palm of the Eye | Weapons | +2.36 | 🟢 156 | 7.68 | 5 |
| The Anvil | Accessories | +2.21 | 🟢 75.13 | 0.1255 | 100 |
| Byrnabas | Accessories | +2.06 | 🟢 10.62 | 0.1009 | 39 |
| Maligaro's Virtuosity | Armours | -2.10 | 🔴 -3.83 | 4.62 | 83 |

## Currency movers (24h)

| Item | % | from | to |
|---|--:|--:|--:|
| Vaal Siphoner | 🟢 +8990.91 | 0.011 | 1 |
| Crystallised Corruption | 🟢 +45.67 | 1.27 | 1.85 |
| Cryptic Key | 🟢 +15.67 | 0.2112 | 0.2443 |
| Greater Exalted Orb | 🔴 -17.58 | 0.08754 | 0.07215 |
| Vaal Armourer's Infuser | 🔴 -22.76 | 0.4551 | 0.3515 |
| Core Destabiliser | 🔴 -22.94 | 0.5182 | 0.3993 |
| Perfect Regal Orb | 🔴 -29.88 | 0.3333 | 0.2337 |
| Ancient Infuser | 🔴 -46.49 | 0.1654 | 0.0885 |

## Unique movers (24h)

| Item | % | from | to |
|---|--:|--:|--:|
| Blackgleam | 🟢 +870.64 | 0.00562 | 0.05455 |
| Hinekora's Sight | 🟢 +836.87 | 0.01093 | 0.1024 |
| Icetomb | 🟢 +766.06 | 0.01093 | 0.09466 |
| The Empty Roar | 🟢 +663.59 | 0.01093 | 0.08346 |
| Guiding Palm of the Eye | 🟢 +278.33 | 2.03 | 7.68 |
| Tabula Rasa | 🟢 +113.33 | 9 | 19.2 |
| Guiding Palm of the Mind | 🟢 +107.00 | 2 | 4.14 |
| Doedre's Damning | 🟢 +98.26 | 0.1266 | 0.251 |
| Serpent's Egg | 🟢 +98.26 | 0.1266 | 0.251 |
| Dream Fragments | 🟢 +97.47 | 0.5064 | 1 |
| Trampletoe | 🟢 +94.47 | 0.1266 | 0.2462 |
| Assailum | 🟢 +92.46 | 0.06339 | 0.122 |
| Blackflame | 🟢 +91.34 | 0.164 | 0.3138 |
| Ironride | 🟢 +90.98 | 0.06121 | 0.1169 |
| Crown of Thorns | 🟢 +82.31 | 0.4431 | 0.8078 |
| Redblade Banner | 🟢 +76.94 | 0.05793 | 0.1025 |
| Guiding Palm of the Heart | 🟢 +75.73 | 2.39 | 4.2 |
| Skysliver | 🟢 +73.33 | 1.5 | 2.6 |
| Double Vision | 🟢 +66.69 | 0.07253 | 0.1209 |
| Andvarius | 🟢 +65.22 | 0.3798 | 0.6275 |
| Atziri's Step | 🔴 -67.88 | 0.3798 | 0.122 |

## 7-bucket range position (spread ≥ 5.0%)

Where today's price sits inside its own decoded ~7-day window. `pos` = 0% at the window low, 100% at the high. Near low = cheap vs recent range; near high = running hot.

### Currency — near 7d low (buy candidates)

| Item | pos | now (div) | low | high | trace |
|---|--:|--:|--:|--:|---|
| Orb of Annulment | 0% | 0.5869 | 0.5869 | 0.839028 | `█▆▃▅▃▂▁` |
| Perfect Chaos Orb | 0% | 3.87 | 3.86898 | 4.43066 | `█▁▁▁▂▄▁` |
| Perfect Orb of Augmentation | 15% | 0.08475 | 0.0757283 | 0.134743 | `▁▂▇█▂▂▂` |
| Greater Exalted Orb | 27% | 0.07215 | 0.0637139 | 0.0950892 | `█▃▁▃▂▃▃` |
| Perfect Exalted Orb | 39% | 3.97 | 3.60021 | 4.5591 | `▄█▁▁▂▄▄` |
| Perfect Regal Orb | 40% | 0.2337 | 0.202388 | 0.280754 | `▂▁▇▇▄█▄` |
| Divine Orb | 42% | 1 | 0.914027 | 1.12091 | `▁▁▅█▆▄▄` |
| Perfect Orb of Transmutation | 42% | 0.07659 | 0.0648053 | 0.0926965 | `█▄█▆▃▁▄` |
| Vaal Armourer's Infuser | 50% | 0.3515 | 0.215724 | 0.488017 | `▁▆▃▃█▆▄` |
| Orb of Chance | 51% | 0.09505 | 0.0860843 | 0.103792 | `█▃▂▁▃▃▅` |
| Chaos Orb | 53% | 0.1236 | 0.110363 | 0.135475 | `██▄▁▃▄▅` |
| Hinekora's Lock | 75% | 340 | 203.06 | 385.918 | `▁▂▃▄█▅▆` |
| Fracturing Orb | 75% | 8.49 | 5.64503 | 9.44338 | `▂▁▁▃▇█▆` |
| Architect's Orb | 100% | 1.52 | 0.596244 | 1.52 | `▁▂▄▆▆▆█` |
| Core Destabiliser | 100% | 0.3993 | 0.116514 | 0.3993 | `▁▂▄▅▅▇█` |
| Crystallised Corruption | 100% | 1.85 | 0.868684 | 1.85 | `▁▂▆█▇▅█` |
| Greater Chaos Orb | 100% | 0.2803 | 0.212604 | 0.2803 | `▂▃▂▁▃▆█` |
| Perfect Jeweller's Orb | 100% | 1.4 | 1.03254 | 1.4 | `▁▂▃▄▅▅█` |
| Vaal Catalysing Infuser | 100% | 0.793 | 0.420585 | 0.793 | `▆▄▅▁▁▄█` |
| Vaal Cultivation Orb | 100% | 1.25 | 0.410593 | 1.25 | `▁▂▂▅▆▇█` |

### Currency — near 7d high (running hot)

| Item | pos | now (div) | low | high | trace |
|---|--:|--:|--:|--:|---|
| Architect's Orb | 100% | 1.52 | 0.596244 | 1.52 | `▁▂▄▆▆▆█` |
| Core Destabiliser | 100% | 0.3993 | 0.116514 | 0.3993 | `▁▂▄▅▅▇█` |
| Crystallised Corruption | 100% | 1.85 | 0.868684 | 1.85 | `▁▂▆█▇▅█` |
| Greater Chaos Orb | 100% | 0.2803 | 0.212604 | 0.2803 | `▂▃▂▁▃▆█` |
| Perfect Jeweller's Orb | 100% | 1.4 | 1.03254 | 1.4 | `▁▂▃▄▅▅█` |
| Vaal Catalysing Infuser | 100% | 0.793 | 0.420585 | 0.793 | `▆▄▅▁▁▄█` |
| Vaal Cultivation Orb | 100% | 1.25 | 0.410593 | 1.25 | `▁▂▂▅▆▇█` |
| Fracturing Orb | 75% | 8.49 | 5.64503 | 9.44338 | `▂▁▁▃▇█▆` |
| Hinekora's Lock | 75% | 340 | 203.06 | 385.918 | `▁▂▃▄█▅▆` |
| Chaos Orb | 53% | 0.1236 | 0.110363 | 0.135475 | `██▄▁▃▄▅` |
| Orb of Chance | 51% | 0.09505 | 0.0860843 | 0.103792 | `█▃▂▁▃▃▅` |
| Vaal Armourer's Infuser | 50% | 0.3515 | 0.215724 | 0.488017 | `▁▆▃▃█▆▄` |
| Perfect Orb of Transmutation | 42% | 0.07659 | 0.0648053 | 0.0926965 | `█▄█▆▃▁▄` |
| Divine Orb | 42% | 1 | 0.914027 | 1.12091 | `▁▁▅█▆▄▄` |
| Perfect Regal Orb | 40% | 0.2337 | 0.202388 | 0.280754 | `▂▁▇▇▄█▄` |
| Perfect Exalted Orb | 39% | 3.97 | 3.60021 | 4.5591 | `▄█▁▁▂▄▄` |
| Greater Exalted Orb | 27% | 0.07215 | 0.0637139 | 0.0950892 | `█▃▁▃▂▃▃` |
| Perfect Orb of Augmentation | 15% | 0.08475 | 0.0757283 | 0.134743 | `▁▂▇█▂▂▂` |
| Perfect Chaos Orb | 0% | 3.87 | 3.86898 | 4.43066 | `█▁▁▁▂▄▁` |
| Orb of Annulment | 0% | 0.5869 | 0.5869 | 0.839028 | `█▆▃▅▃▂▁` |

### Unique — near 7d low (buy candidates)

| Item | pos | now (div) | low | high | trace |
|---|--:|--:|--:|--:|---|
| Bursting Decay | 0% | 7 | 7 | 11.9992 | `▇█▄▄▄▁▁` |
| Mageblood | 0% | 600 | 600 | 700.02 | `▁▆█▆▃▁▁` |
| The Taming | 0% | 10.4 | 10.4 | 13.9999 | `▄▆█▃▅▂▁` |
| Vigilant View | 0% | 0.05045 | 0.05045 | 0.0651472 | `█▆▅▄▃▁▁` |
| Zerphi's Genesis | 0% | 0.05045 | 0.05045 | 0.0651472 | `█▆▅▄▃▁▁` |
| Bitterbloom | 0% | 0.09466 | 0.09466 | 0.132503 | `█▇▃▄▅▄▁` |
| Black Sun Crest | 0% | 0.09466 | 0.09466 | 0.132503 | `█▇▃▄▅▄▁` |
| Bloodbarrier | 0% | 0.09953 | 0.09953 | 0.262538 | `▂█▂▂▁▁▁` |
| Bristleboar | 0% | 0.09466 | 0.09466 | 0.132503 | `█▇▃▄▅▄▁` |
| Bushwhack | 0% | 0.09466 | 0.09466 | 0.132503 | `█▇▃▄▅▄▁` |
| Coat of Red | 0% | 0.09663 | 0.09663 | 0.132497 | `█▆▃▄▅▃▁` |
| Corpsewade | 0% | 0.09466 | 0.09466 | 0.132503 | `█▇▃▄▅▄▁` |
| Decree of Loyalty | 0% | 0.09879 | 0.09879 | 0.135292 | `█▇▄▄▅▆▁` |
| Elevore | 0% | 0.09466 | 0.09466 | 0.132503 | `█▇▃▄▅▄▁` |
| Essentia Sanguis | 0% | 0.2954 | 0.2954 | 0.781688 | `█▄▃▂▂▁▁` |
| Feathered Fortress | 0% | 0.09663 | 0.09663 | 0.132497 | `█▆▃▄▅▃▁` |
| Gamblesprint | 0% | 0.09466 | 0.09466 | 0.132503 | `█▇▃▄▅▄▁` |
| Gloomform | 0% | 0.106 | 0.106 | 0.13245 | `█▆▁▃▃▃▁` |
| Heatshiver | 0% | 0.05098 | 0.05098 | 0.262571 | `▄█▇▃▃▁▁` |
| Kaltenhalt | 0% | 0.09466 | 0.09466 | 0.132503 | `█▇▃▄▅▄▁` |
| Leopold's Applause | 0% | 0.2462 | 0.2462 | 0.530032 | `█▅▃▃▄▄▁` |
| Mahuxotl's Machination | 0% | 0.1914 | 0.1914 | 0.269729 | `█▆▆▁▃▃▁` |
| Maligaro's Virtuosity | 0% | 4.62 | 4.62 | 5.00432 | `▄▇███▆▁` |
| Pariah's Embrace | 0% | 0.09663 | 0.09663 | 0.132497 | `█▆▃▄▅▃▁` |
| Prism Guardian | 0% | 0.6155 | 0.6155 | 1 | `█▄██▅▃▁` |

### Unique — near 7d high (running hot)

| Item | pos | now (div) | low | high | trace |
|---|--:|--:|--:|--:|---|
| Andvarius | 100% | 0.6275 | 0.170681 | 0.6275 | `▂▁▂▂▄▇█` |
| Astramentis | 100% | 2.21 | 1.2629 | 2.21 | `▃▁▁▄▇██` |
| Byrnabas | 100% | 0.1009 | 0.0819733 | 0.1009 | `▄▂▁▃▂▄█` |
| Dream Fragments | 100% | 1 | 0.336858 | 1 | `▇▄▃▁▃▁█` |
| Eye of Chayula | 100% | 0.114 | 0.0110337 | 0.114 | `▁▁▁▁▁▇█` |
| Fixation of Yix | 100% | 0.1255 | 0.0651508 | 0.1255 | `▁▄▇▆▇▇█` |
| Hinekora's Sight | 100% | 0.1024 | 0.0110282 | 0.1024 | `▁▁▁▁▁▇█` |
| Idol of Uldurn | 100% | 0.1255 | 0.0491158 | 0.1255 | `▁▁▂▅▄▇█` |
| Original Sin | 100% | 0.8534 | 0.384241 | 0.8534 | `▁▁▂▁▄▆█` |
| Perandus Seal | 100% | 0.1255 | 0.0613981 | 0.1255 | `▁▁▃▃▇▇█` |
| The Anvil | 100% | 0.1255 | 0.0441217 | 0.1255 | `▃▂▂▂▁▄█` |
| Ungil's Harmony | 100% | 0.1255 | 0.0385561 | 0.1255 | `▁▂▇▇█▇█` |
| Yoke of Suffering | 100% | 0.9757 | 0.397434 | 0.9757 | `▁▃▅▄▆▇█` |
| Hand of Wisdom and Action | 100% | 1 | 0.636011 | 1 | `▁▅▂▄███` |
| Sandstorm Visage | 100% | 1 | 0.6737 | 1 | `█▄▁████` |
| For Utopia | 100% | 0.5168 | 0.328446 | 0.5168 | `▂▆▂▁▃██` |
| Forsaken Bangle | 100% | 0.3765 | 0.26258 | 0.3765 | `▁▁▃▆▅▆█` |
| Olroth's Resolve | 100% | 1.45 | 0.526276 | 1.45 | `▅▅▄▁▅▅█` |
| Against the Darkness | 100% | 4 | 3.00008 | 4 | `▁▁▁▁███` |
| Heart of the Well | 100% | 0.6275 | 0.336885 | 0.6275 | `▂▆▁▁▇▄█` |
| Heroic Tragedy | 100% | 3 | 2 | 3 | `▁▁▁▁███` |
| Guiding Palm of the Eye | 100% | 7.68 | 2.0001 | 7.68 | `▂▁▁▂▂▃█` |
| Guiding Palm of the Heart | 100% | 4.2 | 1.48729 | 4.2 | `▃▁▁▃▄▆█` |
| Guiding Palm of the Mind | 100% | 4.14 | 1.396 | 4.14 | `▅▃▁▄▄██` |
| Nazir's Judgement | 100% | 1 | 0.393904 | 1 | `▅▁█████` |
