---
type: poe2-signal-brief
league: "HC Runes of Aldur"
league_day: 24
generated: 2026-06-23T18:11:15Z
snapshots: 37
currency_signals: 1
unique_signals: 15
tags: [poe2, market-signal]
---

# PoE2 Signal Brief вҖ” HC Runes of Aldur

> Day 24 В· generated 2026-06-23T18:11:15Z В· 37 snapshot(s) В· 47 currencies / 614 uniques tracked В· values in Divine В· 1 div = 99 ex (live)

Decision-support only. Momentum is run-#1 sparkline z-score; movers are absolute %-change from our own snapshot history.

## Currency momentum (|z| вүҘ 2.0, vol вүҘ 1.0)

| Currency | z | 7d % | value (div) | volume |
|---|--:|--:|--:|--:|
| Greater Chaos Orb | +2.09 | рҹҹў 61.19 | 0.3086 | 73.34 |

## Unique momentum (|z| вүҘ 2.0, listings вүҘ 5)

| Item | Type | z | 7d % | value (div) | listings |
|---|---|--:|--:|--:|--:|
| Tabula Rasa | Armours | +2.35 | рҹҹў 832.5 | 37.3 | 6 |
| Eye of Chayula | Accessories | +2.45 | рҹҹў 830.1 | 0.1225 | 90 |
| Carrion Call | Armours | +2.42 | рҹҹў 789.9 | 0.1172 | 122 |
| The Empty Roar | Weapons | +2.45 | рҹҹў 563.8 | 0.08868 | 126 |
| Cornathaum | Armours | +2.32 | рҹҹў 256 | 0.2344 | 37 |
| Ventor's Gamble | Accessories | +2.42 | рҹҹў 107.1 | 0.245 | 2038 |
| Assailum | Armours | +2.02 | рҹҹў 68.75 | 0.1111 | 54 |
| The Anvil | Accessories | +2.09 | рҹҹў 40.93 | 0.1225 | 102 |
| Death's Harp | Weapons | +2.15 | рҹҹў 27.25 | 0.051 | 39 |
| Decree of Flight | Armours | -2.45 | рҹ”ҙ -7.18 | 0.9282 | 110 |
| Goldrim | Armours | -2.07 | рҹ”ҙ -23.45 | 0.3985 | 5 |
| Duality | Weapons | -2.45 | рҹ”ҙ -23.74 | 0.7626 | 82 |
| Tyranny's Grip | Weapons | -2.11 | рҹ”ҙ -29.33 | 0.2529 | 44 |
| Prism Guardian | Armours | -2.04 | рҹ”ҙ -41.4 | 0.586 | 130 |
| Hysseg's Claw | Weapons | -2.15 | рҹ”ҙ -69.19 | 0.2335 | 6 |

## Currency movers (24h)

| Item | % | from | to |
|---|--:|--:|--:|
| Ancient Infuser | рҹҹў +71.09 | 0.08487 | 0.1452 |
| Vaal Cultivation Orb | рҹҹў +51.82 | 1.1 | 1.67 |
| Vaal Catalysing Infuser | рҹҹў +50.46 | 0.4421 | 0.6652 |
| Cryptic Key | рҹҹў +40.01 | 0.1972 | 0.2761 |
| Core Destabiliser | рҹҹў +34.80 | 0.2833 | 0.3819 |
| Perfect Orb of Augmentation | рҹҹў +31.98 | 0.08562 | 0.113 |
| Perfect Orb of Transmutation | рҹ”ҙ -20.57 | 0.09372 | 0.07444 |
| Hinekora's Lock | рҹ”ҙ -25.96 | 391.7 | 290 |
| Vaal Blacksmith's Infuser | рҹ”ҙ -37.33 | 0.08422 | 0.05278 |
| Orb of Extraction | рҹ”ҙ -40.50 | 0.2089 | 0.1243 |

## Unique movers (24h)

| Item | % | from | to |
|---|--:|--:|--:|
| Birthright Buckle | рҹҹў +1971.15 | 0.00506 | 0.1048 |
| Eye of Chayula | рҹҹў +982.16 | 0.01132 | 0.1225 |
| Carrion Call | рҹҹў +935.34 | 0.01132 | 0.1172 |
| Double Vision | рҹҹў +895.59 | 0.00998 | 0.09936 |
| The Empty Roar | рҹҹў +680.63 | 0.01136 | 0.08868 |
| Blackgleam | рҹҹў +427.17 | 0.01266 | 0.06674 |
| The Wicked Quill | рҹҹў +385.87 | 0.02229 | 0.1083 |
| Tabula Rasa | рҹҹў +328.74 | 8.7 | 37.3 |
| The Anvil | рҹҹў +170.54 | 0.04528 | 0.1225 |
| The Knight-errant | рҹҹў +129.13 | 0.05115 | 0.1172 |
| Doedre's Damning | рҹҹў +120.92 | 0.1109 | 0.245 |
| Ventor's Gamble | рҹҹў +120.92 | 0.1109 | 0.245 |
| Perandus Seal | рҹҹў +116.43 | 0.0566 | 0.1225 |
| Plaguefinger | рҹҹў +111.36 | 0.1109 | 0.2344 |
| Atziri's Rule | рҹҹў +111.36 | 0.2218 | 0.4688 |
| Cornathaum | рҹҹў +108.73 | 0.1123 | 0.2344 |
| Crown of Thorns | рҹҹў +93.61 | 0.3882 | 0.7516 |
| Cloak of Flame | рҹҹў +90.34 | 0.1687 | 0.3211 |
| Skin of the Loyal | рҹҹў +82.30 | 0.4436 | 0.8087 |
| Quill Rain | рҹҹў +80.21 | 0.0566 | 0.102 |
| Periphery | рҹҹў +77.58 | 0.33 | 0.586 |
| Atziri's Splendour | рҹҹў +77.01 | 0.4436 | 0.7852 |

## 7-bucket range position (spread вүҘ 5.0%)

Where today's price sits inside its own decoded ~7-day window. `pos` = 0% at the window low, 100% at the high. Near low = cheap vs recent range; near high = running hot.

### Currency вҖ” near 7d low (buy candidates)

| Item | pos | now (div) | low | high | trace |
|---|--:|--:|--:|--:|---|
| Perfect Orb of Transmutation | 0% | 0.07444 | 0.07444 | 0.119768 | `в–Ҳв–ғв–…в–…в–ғв–Ӯв–Ғ` |
| Vaal Blacksmith's Infuser | 0% | 0.05278 | 0.0524935 | 0.115546 | `в–Ҳв–Ҷв–Үв–„в–Ғв–…в–Ғ` |
| Greater Exalted Orb | 21% | 0.08689 | 0.0764907 | 0.126267 | `в–Ҳв–„в–Ғв–Ғв–Ӯв–Ғв–Ӯ` |
| Perfect Exalted Orb | 30% | 3.86 | 3.60116 | 4.45597 | `в–„в–Ҳв–…в–Ғв–Ӯв–Ӯв–ғ` |
| Chaos Orb | 34% | 0.1206 | 0.112423 | 0.136692 | `в–…в–Ҳв–Ҷв–Ӯв–Ғв–ғв–ғ` |
| Perfect Chaos Orb | 34% | 4.04 | 3.59463 | 4.89371 | `в–Ғв–Ҳв–Ӯв–„в–Ғв–…в–ғ` |
| Orb of Chance | 38% | 0.108 | 0.0944806 | 0.129715 | `в–ғв–Ҳв–ғв–Ғв–ғв–Ӯв–„` |
| Hinekora's Lock | 47% | 290 | 206.318 | 385.835 | `в–Ғв–Ғв–Ӯв–Ӯв–„в–Ҳв–„` |
| Vaal Catalysing Infuser | 53% | 0.6652 | 0.45002 | 0.85726 | `в–Үв–„в–Ҳв–„в–Ӯв–Ғв–…` |
| Perfect Orb of Augmentation | 58% | 0.113 | 0.078887 | 0.137398 | `в–ғв–Ғв–Үв–Ҳв–Үв–Ғв–…` |
| Mirror of Kalandra | 65% | 1198 | 1100.46 | 1250.52 | `в–Ҳ   в–Ғ в–Ҷ` |
| Vaal Armourer's Infuser | 85% | 0.4714 | 0.243677 | 0.511812 | `в–Ғв–Ғв–Ҷв–ғв–Ҷв–Ҳв–Ү` |
| Orb of Annulment | 95% | 0.6011 | 0.495122 | 0.606495 | `в–Үв–Ҳв–Ғв–ғв–…в–„в–Ҳ` |
| Architect's Orb | 100% | 1.47 | 0.64957 | 1.47 | `в–Ғв–Ғв–ғв–Ҷв–Ҳв–Ҳв–Ҳ` |
| Core Destabiliser | 100% | 0.3819 | 0.10329 | 0.3819 | `в–Ғв–Ӯв–„в–…в–Үв–Ҷв–Ҳ` |
| Crystallised Corruption | 100% | 1.41 | 0.522902 | 1.41 | `в–Ғв–Ғв–Ӯв–…в–…в–Ҷв–Ҳ` |
| Divine Orb | 100% | 1 | 0.755983 | 1 | `в–Ғв–Ӯв–ғв–„в–„в–…в–Ҳ` |
| Fracturing Orb | 100% | 9.58 | 5.62787 | 9.58 | `в–ғв–Ғв–Ғв–Ғв–„в–Үв–Ҳ` |
| Greater Chaos Orb | 100% | 0.3086 | 0.229435 | 0.3086 | `в–Ғв–„в–ғв–ғв–ғв–„в–Ҳ` |
| Perfect Jeweller's Orb | 100% | 1.59 | 1.17563 | 1.59 | `в–Ғв–Ғв–Ӯв–ғв–…в–…в–Ҳ` |
| Perfect Regal Orb | 100% | 0.3204 | 0.231699 | 0.3204 | `в–…в–Ғв–ғв–Үв–„в–Үв–Ҳ` |
| Vaal Cultivation Orb | 100% | 1.67 | 0.862845 | 1.67 | `в–Ғв–Ғв–…в–Ӯв–Үв–Ҳв–Ҳ` |

### Currency вҖ” near 7d high (running hot)

| Item | pos | now (div) | low | high | trace |
|---|--:|--:|--:|--:|---|
| Architect's Orb | 100% | 1.47 | 0.64957 | 1.47 | `в–Ғв–Ғв–ғв–Ҷв–Ҳв–Ҳв–Ҳ` |
| Core Destabiliser | 100% | 0.3819 | 0.10329 | 0.3819 | `в–Ғв–Ӯв–„в–…в–Үв–Ҷв–Ҳ` |
| Crystallised Corruption | 100% | 1.41 | 0.522902 | 1.41 | `в–Ғв–Ғв–Ӯв–…в–…в–Ҷв–Ҳ` |
| Divine Orb | 100% | 1 | 0.755983 | 1 | `в–Ғв–Ӯв–ғв–„в–„в–…в–Ҳ` |
| Fracturing Orb | 100% | 9.58 | 5.62787 | 9.58 | `в–ғв–Ғв–Ғв–Ғв–„в–Үв–Ҳ` |
| Greater Chaos Orb | 100% | 0.3086 | 0.229435 | 0.3086 | `в–Ғв–„в–ғв–ғв–ғв–„в–Ҳ` |
| Perfect Jeweller's Orb | 100% | 1.59 | 1.17563 | 1.59 | `в–Ғв–Ғв–Ӯв–ғв–…в–…в–Ҳ` |
| Perfect Regal Orb | 100% | 0.3204 | 0.231699 | 0.3204 | `в–…в–Ғв–ғв–Үв–„в–Үв–Ҳ` |
| Vaal Cultivation Orb | 100% | 1.67 | 0.862845 | 1.67 | `в–Ғв–Ғв–…в–Ӯв–Үв–Ҳв–Ҳ` |
| Orb of Annulment | 95% | 0.6011 | 0.495122 | 0.606495 | `в–Үв–Ҳв–Ғв–ғв–…в–„в–Ҳ` |
| Vaal Armourer's Infuser | 85% | 0.4714 | 0.243677 | 0.511812 | `в–Ғв–Ғв–Ҷв–ғв–Ҷв–Ҳв–Ү` |
| Mirror of Kalandra | 65% | 1198 | 1100.46 | 1250.52 | `в–Ҳ   в–Ғ в–Ҷ` |
| Perfect Orb of Augmentation | 58% | 0.113 | 0.078887 | 0.137398 | `в–ғв–Ғв–Үв–Ҳв–Үв–Ғв–…` |
| Vaal Catalysing Infuser | 53% | 0.6652 | 0.45002 | 0.85726 | `в–Үв–„в–Ҳв–„в–Ӯв–Ғв–…` |
| Hinekora's Lock | 47% | 290 | 206.318 | 385.835 | `в–Ғв–Ғв–Ӯв–Ӯв–„в–Ҳв–„` |
| Orb of Chance | 38% | 0.108 | 0.0944806 | 0.129715 | `в–ғв–Ҳв–ғв–Ғв–ғв–Ӯв–„` |
| Perfect Chaos Orb | 34% | 4.04 | 3.59463 | 4.89371 | `в–Ғв–Ҳв–Ӯв–„в–Ғв–…в–ғ` |
| Chaos Orb | 34% | 0.1206 | 0.112423 | 0.136692 | `в–…в–Ҳв–Ҷв–Ӯв–Ғв–ғв–ғ` |
| Perfect Exalted Orb | 30% | 3.86 | 3.60116 | 4.45597 | `в–„в–Ҳв–…в–Ғв–Ӯв–Ӯв–ғ` |
| Greater Exalted Orb | 21% | 0.08689 | 0.0764907 | 0.126267 | `в–Ҳв–„в–Ғв–Ғв–Ӯв–Ғв–Ӯ` |
| Vaal Blacksmith's Infuser | 0% | 0.05278 | 0.0524935 | 0.115546 | `в–Ҳв–Ҷв–Үв–„в–Ғв–…в–Ғ` |
| Perfect Orb of Transmutation | 0% | 0.07444 | 0.07444 | 0.119768 | `в–Ҳв–ғв–…в–…в–ғв–Ӯв–Ғ` |

### Unique вҖ” near 7d low (buy candidates)

| Item | pos | now (div) | low | high | trace |
|---|--:|--:|--:|--:|---|
| Berek's Grip | 0% | 1.99 | 1.99 | 3.00287 | `в–Ҳв–Ҳв–Ҷв–ғв–„в–ғв–Ғ` |
| Bursting Decay | 0% | 7 | 7 | 11.9998 | `в–Ҷв–Үв–Ҳв–„в–„в–„в–Ғ` |
| Byrnabas | 0% | 0.07918 | 0.07918 | 0.0921877 | `в–Ҳв–Үв–…в–Ӯв–Ҷв–„в–Ғ` |
| Death Rush | 0% | 0.1048 | 0.1048 | 0.132496 | `в–Ӯв–Ҳв–Ҷв–Ӯв–ғв–„в–Ғ` |
| Eventide Petals | 0% | 0.3675 | 0.3675 | 1 | `в–Ҳв–Ҳв–„в–ғв–Ӯв–Ӯв–Ғ` |
| Headhunter | 0% | 144.2 | 144.2 | 180.002 | `в–„в–…в–…в–Үв–Ҳв–Ӯв–Ғ` |
| Icefang Orbit | 0% | 0.1048 | 0.1048 | 0.154296 | `в–Ӯв–Ҳв–„в–Ғв–Ӯв–Ӯв–Ғ` |
| Levinstone | 0% | 0.107 | 0.107 | 0.13129 | `в–„в–Ҳв–Ҳв–„в–ғв–Ӯв–Ғ` |
| Ligurium Talisman | 0% | 0.1048 | 0.1048 | 0.132494 | `в–„в–Ҳв–Ҳв–„в–ғв–„в–Ғ` |
| Midnight Braid | 0% | 0.1048 | 0.1048 | 0.154296 | `в–Ӯв–Ҳв–„в–Ғв–ғв–Ӯв–Ғ` |
| Ming's Heart | 0% | 0.1048 | 0.1048 | 0.132496 | `в–Ӯв–Ҳв–Ҷв–Ӯв–ғв–„в–Ғ` |
| Revered Resin | 0% | 0.1048 | 0.1048 | 0.132494 | `в–„в–Ҳв–Ҷв–Ӯв–ғв–„в–Ғ` |
| Rondel of Fragility | 0% | 0.1048 | 0.1048 | 0.132494 | `в–„в–Ҳв–Үв–Ӯв–ғв–„в–Ғ` |
| Soul Tether | 0% | 0.1048 | 0.1048 | 0.132494 | `в–„в–Ҳв–Ҷв–Ӯв–ғв–„в–Ғ` |
| The Burrower | 0% | 0.1048 | 0.1048 | 0.132496 | `в–Ӯв–Ҳв–Ҷв–Ӯв–ғв–„в–Ғ` |
| The Taming | 0% | 11 | 11 | 14.0006 | `в–Ғв–ғв–Ҷв–Ҳв–Ӯв–„в–Ғ` |
| Venopuncture | 0% | 0.1048 | 0.1048 | 0.132494 | `в–„в–Ҳв–Үв–Ӯв–ғв–„в–Ғ` |
| Vigilant View | 0% | 0.0535 | 0.0535 | 0.0658462 | `в–Ҳв–Ҳв–…в–„в–ғв–Ӯв–Ғ` |
| Whisper of the Brotherhood | 0% | 0.1048 | 0.1048 | 0.132496 | `в–Ӯв–Ҳв–Ҷв–Ӯв–ғв–„в–Ғ` |
| Zerphi's Genesis | 0% | 0.0535 | 0.0535 | 0.0658462 | `в–Ҳв–Ҳв–…в–„в–ғв–Ӯв–Ғ` |
| Alpha's Howl | 0% | 1.17 | 1.17 | 1.99657 | `в–„в–Ҳв–Ҳв–ғв–Ғв–Ӯв–Ғ` |
| Asphyxia's Wrath | 0% | 0.4688 | 0.4688 | 0.9853 | `в–Ҷв–Үв–…в–Ӯв–Ӯв–Ҳв–Ғ` |
| Bloodbarrier | 0% | 0.102 | 0.102 | 0.26263 | `в–Ӯв–Ӯв–Ҳв–Ӯв–Ӯв–Ғв–Ғ` |
| Cadiro's Gambit | 0% | 1.35 | 1.35 | 3.71568 | `в–Үв–Ҳв–…в–„в–ғв–Ӯв–Ғ` |
| Cospri's Will | 0% | 0.1172 | 0.1172 | 0.224609 | `в–ғв–Ӯв–Ӯв–Ҳв–Ҳв–Ғв–Ғ` |

### Unique вҖ” near 7d high (running hot)

| Item | pos | now (div) | low | high | trace |
|---|--:|--:|--:|--:|---|
| Andvarius | 100% | 0.3675 | 0.170678 | 0.3675 | `в–ғв–„в–Ғв–ғв–ғв–Ҳв–Ҳ` |
| Astramentis | 100% | 2.14 | 1.26019 | 2.14 | `в–Үв–ғв–Ғв–Ғв–„в–Ҳв–Ҳ` |
| Eye of Chayula | 100% | 0.1225 | 0.0110304 | 0.1225 | `в–Ғв–Ғв–Ғв–Ғв–Ғв–Ғв–Ҳ` |
| Fixation of Yix | 100% | 0.1225 | 0.0651516 | 0.1225 | `в–Ғв–Ғв–„в–Үв–Үв–Ҳв–Ҳ` |
| Original Sin | 100% | 0.6125 | 0.331242 | 0.6125 | `в–Ғв–Ӯв–ғв–„в–ғв–Үв–Ҳ` |
| Perandus Seal | 100% | 0.1225 | 0.0526882 | 0.1225 | `в–Ғв–Ӯв–Ӯв–„в–„в–Ҳв–Ҳ` |
| The Anvil | 100% | 0.1225 | 0.0441219 | 0.1225 | `в–…в–ғв–Ӯв–Ӯв–Ӯв–Ғв–Ҳ` |
| Ungil's Harmony | 100% | 0.1225 | 0.0385603 | 0.1225 | `в–Ӯв–Ғв–Ӯв–Үв–Үв–Ҳв–Ҳ` |
| Ventor's Gamble | 100% | 0.245 | 0.112303 | 0.245 | `в–Ғв–Ӯв–Ӯв–Ғв–Ғв–Ғв–Ҳ` |
| Yoke of Suffering | 100% | 0.9715 | 0.397496 | 0.9715 | `в–ғв–Ғв–ғв–…в–„в–Ҷв–Ҳ` |
| Assailum | 100% | 0.1111 | 0.0638488 | 0.1111 | `в–Ғв–Ғв–Ғв–ғв–„в–„в–Ҳ` |
| Atziri's Splendour | 100% | 0.7852 | 0.393872 | 0.7852 | `в–…в–Ҷв–Ғв–ғв–Ӯв–ғв–Ҳ` |
| Blackbraid | 100% | 0.586 | 0.348176 | 0.586 | `в–Ӯв–„в–…в–Ғв–Үв–„в–Ҳ` |
| Blackgleam | 100% | 0.06674 | 0.00559019 | 0.06674 | `в–Ӯв–Ғв–Ғв–Ғв–Ҳв–Ғв–Ҳ` |
| Carrion Call | 100% | 0.1172 | 0.0110299 | 0.1172 | `в–Ғв–Ӯв–Ӯв–Ӯв–Ғв–Ғв–Ҳ` |
| Chernobog's Pillar | 100% | 0.4688 | 0.231614 | 0.4688 | `в–…в–Ҷв–Ӯв–Ғв–„в–Ҳв–Ҳ` |
| Cornathaum | 100% | 0.2344 | 0.0585407 | 0.2344 | `в–Ғв–Ғв–Ғв–Ғв–Ӯв–ғв–Ҳ` |
| Eyes of the Runefather | 100% | 0.103 | 0.0368523 | 0.103 | `в–Ғв–Ғв–Ғв–ғв–…в–Ҷв–Ҳ` |
| Goldrim | 100% | 0.5391 | 0.354881 | 0.5391 | `в–Ғв–ғв–Үв–…в–Үв–Ҷв–Ҳ` |
| Hand of Wisdom and Action | 100% | 1 | 0.603318 | 1 | `в–Ғв–Ӯв–…в–ғв–„в–Ҳв–Ҳ` |
| Loreweave | 100% | 9.5 | 2.99975 | 9.5 | `в–Ӯв–ғв–Ӯв–Ғв–Үв–Үв–Ҳ` |
| Maligaro's Virtuosity | 100% | 5 | 4.70013 | 5 | `в–Ғв–ғв–Үв–Ҳв–Ҳв–Ҳв–Ҳ` |
| Morior Invictus | 100% | 2 | 0.936367 | 2 | `в–ғв–…в–Ғв–Ҳв–Ҳв–Ҳв–Ҳ` |
| Perfidy | 100% | 0.7618 | 0.393901 | 0.7618 | `в–…в–…в–Ғв–…в–Ҷв–Үв–Ҳ` |
| Sandstorm Visage | 100% | 1 | 0.6737 | 1 | `в–Ҳв–Ҳв–„в–Ғв–Ҳв–Ҳв–Ҳ` |
